4.114719169194263	0.8959082847076629,0.813691181192435,0.8443490801282232,1.2392413126966488,-1.0079382323127277,1.5055752715204005,-1.9175156067068837,1.8094512280059865,1.4034092721465843,-1.4714526221840676,
11.621225277432032	3.5802363521467986,4.667476007800648,1.2143491705647909,2.6729106163950513,-1.6663220363501665,7.616075313888691,-7.732353406854679,3.6684466322570755,2.5254604738445097,-4.925053846260693,
45.10896092776687	5.347526024739392,1.7759144350073286,0.10514589158374171,0.36823202354402496,2.2483916130384323,4.123690596093642,33.20229696459484,0.5345151534611625,4.915894912663919,-7.512646686959615,
125.31064136737888	-0.40434929308080897,-2.0158506353190297,0.42973243362097263,-1.8299925050953305,4.515768576208057,0.6581451782799779,125.27381661369519,1.3615941352883136,17.66898053863417,-20.34720367485263,
419.1676711935145	2.0846754182633678,-2.0710868670351323,-0.15996441645375978,-4.049692396291594,6.264661728342712,1.0655464348342367,396.31141150119277,1.5629022278875893,55.15638343978973,-36.99716587701544,
1001.2568443285152	8.496033380056025,-0.3303265872375465,3.1051868370897684,-14.153781936190498,20.726240679280057,4.740512122479696,1027.7667574354302,1.3854689348738163,52.52218518590328,-103.00143172316967,
2184.3159811706446	35.28872343252425,-0.15830904522745706,4.25592212201477,-4.019304370139166,64.78846786723389,5.440678488852458,2277.3183668666798,0.3626403910055488,27.748209649897912,-226.70941423219753,
5242.981527004139	140.828814681573,4.341348059260137,12.172851323440938,-3.7596714762187444,190.4444152310176,11.018834422473592,5099.805403689161,2.537371369485621,19.09975661680702,-233.50759691286075,
18346.21076912561	509.85740806527167,9.208519713039971,5.022499550374574,-9.809761291020347,725.0404164000055,33.26805905320265,17271.382764426322,-0.4135669960494454,56.293127601045505,-253.6386973965838,
65201.02351503193	1937.402345355424,33.66477040434777,5.7702463147245515,-31.559160138648963,503.37643607622493,26.210169575676076,63084.11813713132,-0.9237329832387795,163.01138493774621,-520.0470816416569,
237729.71389807374	1538.2925381450368,123.85682644715433,23.146941636263687,-52.18064316421627,1011.0351064948851,15.138894162165428,235482.72150867112,1.0318274153358011,41.086525246660415,-454.41562698065354,
384671.4244378587	3114.267234771096,178.18921779488943,60.54901601240507,-105.1303201192585,2012.1607266322917,42.463346965522135,380121.7397985236,1.0914361311681577,141.45487377799833,-895.3608926309779,
1015294.0045054976	5521.205823769511,291.83176138069234,240.74154193097087,-277.04420162835663,1405.2274216363057,66.11446637139238,1009168.192737752,-0.2613129628873434,170.37325425874735,-1292.3769870107985,
2211935.5587664163	16448.800375286115,460.9465087682645,767.4746578550879,-448.8455185467364,4996.197570142884,31.977537736888483,2190943.2490694383,2.021908828464421,477.09019137306836,-1743.3535344659222,
4675159.117493456	32398.351402860855,462.5882573106936,167.72496781746196,-1220.6427234932553,9913.829138228004,36.0517287270421,4635890.133828282,4.3336679980634525,1145.5438420523703,-3638.7966163270185,
1.3272377380582858E7	119692.77705959654,908.1892730064491,211.55607570139563,-1767.8767783100254,26327.624028771254,88.09803410737739,1.3125759610150535E7,4.492222886912789,3032.3982106522217,-1879.4876940881093,
2.8450291152930643E7	235605.9915094385,1833.009278000195,419.06049665995005,-1045.7472580018105,45942.76604238516,102.10151119033723,2.8167682882755578E7,15.449350813956578,5148.052202111063,-5412.412957529873,
5.385283228236938E7	135426.8770152518,1196.7434604866273,143.2659153852583,-1262.8957138301498,5572.5199646638885,105.15680404051432,5.370916613687474E7,19.187285403061562,3697.651626843438,-1232.360863593933,
8.615231527267341E7	428775.1727570491,2947.437135502355,292.04365724035233,-2782.1425835470704,10393.577969280903,205.35201539038246,8.570703430773766E7,62.75661680632946,8030.748820643256,-2643.9814526110727,
