11.911927912867547	0.6154577852398906,1.5039364417642853,1.707248567440494,2.111834239385026,2.3031213992468063,0.7259957910476672,-1.049622198806922,0.8446118352854783,2.5344283175582283,0.6149157347065921,
23.086148695254927	1.233089875342888,1.9366524657607833,3.9692331734873103,3.296517566063983,5.413576557260702,1.7793132525390498,-0.18627825832662243,1.9035314178092033,2.7189485754087057,1.0215640699089212,
42.53064311236634	1.9771178516907495,6.297661966032278,5.999088594907009,7.243672358285849,7.805018583745716,3.7283284761146485,-0.8347113023804544,3.6235707921894416,6.270090421009993,0.42080537077111574,
93.2228308445361	6.976118608532523,20.547544031192857,19.670435221356815,11.424158195070314,13.564635849560581,3.32336682950518,2.5476098810995556,3.5671173977123236,11.416832546197817,0.18501228430812683,
203.37207216237735	5.168725035965776,40.9246639347261,75.24215400754181,27.782967780736417,10.284903144357,2.207993700953995,4.56878201832106,9.312001748693751,28.028434263768002,-0.14855347268654756,
520.5066483148829	1.1579343901939263,139.46215191260106,268.8116578337741,48.73248621883285,4.397510775046211,-0.8446268252284234,13.841645437012813,37.50769304895357,5.725960956950775,1.7142345667461234,
658.4944065008906	2.247329498100319,133.22907134722925,354.28072932615305,80.22061785387203,10.829601406083457,-3.3243195100586194,35.014290045015066,40.58356439040065,2.2956831130652753,3.117839031030101,
1495.4423308847179	1.69377839110985,497.3148470355964,612.2508022650563,184.80440135650352,28.14193838440451,-12.918266791601654,73.41542788461604,105.87518268318956,6.169941570274113,-1.305721894431055,
3158.1995217117897	4.175169970415482,868.6034735499875,1640.0762934625202,296.99738157334997,49.20083641239836,-46.084153739890425,101.07173671562386,224.07965951354015,23.08802591913944,-3.00890166529542,
6868.748406891693	0.14411453734929522,814.0268256497101,4669.785604107846,262.05175659143026,188.61574620372656,-37.02092521803824,186.91530402720258,728.382072625063,52.29230206366346,3.5556063037404764,
13583.045938117413	1.4248095999537096,2251.0765509376156,8588.414820539081,571.2593695919015,598.4045012059571,-77.04477504809347,289.57628463742356,1267.8472841607231,82.81841418422117,9.268678308629068,
39271.499509675625	0.6616581203756037,2673.0545587589754,32466.062265720175,232.59176657407497,2089.618176932293,-52.52358224405743,684.8426361390451,997.3728844078458,165.52078786154524,14.298357405352622,
107501.51847402299	-2.0245026233362267,7210.085493724952,93781.39513441325,427.58540403679433,3669.856095928249,-94.50474628110754,362.64026055541757,1973.3153363313202,139.0961278488657,34.073870088573635,
347119.5412347189	-3.113349935760569,7408.360227131042,324326.9663808886,944.7799942215267,8660.826967385481,-195.93674588409385,1301.681527075223,4538.439082330873,127.17553714963557,10.361614356407207,
1071229.3840530082	-6.080115301470463,4791.977832243213,1034715.1359016653,1933.6623361839693,11329.421270806966,-119.14538044928018,2718.295276012693,15423.814790431827,412.39218997078774,29.909951443988803,
3640207.3108632383	-15.111429099750879,9103.829252225009,3581864.3568245065,1377.5899498521997,33027.47725545977,-117.71951292132938,3715.554476207064,9688.385018079634,1469.1680462790991,93.78098264994513,
6235398.74476054	-27.483792224249687,22827.008612187023,6130062.597548913,2905.3792809648744,44527.02452651629,-310.41642514354726,12381.003528480986,19710.068452938638,3170.5560231568716,153.0070047496834,
1.4241168070883447E7	-57.54815970935055,45461.358753106644,1.4087909354128743E7,4280.147421890841,40804.174786292075,-567.6261201680558,32400.584879837465,27558.855789265537,2973.2987786913145,405.4706255015964,
4.9106430402448975E7	-144.79112328027907,79699.99842886158,4.889839753989619E7,1699.0856884008924,47008.66986551745,-1228.5320586021528,20966.158848171268,55491.0321006976,3277.813955790492,1263.4268472250042,
1.228056410636999E8	-343.00824769581936,272319.71263318654,1.222786951591419E8,409.4556885533607,166227.91503515939,-4433.884936101375,30611.76069807706,58787.64680739319,319.56394858129,3046.74293084508,
1.976088473765015E8	-652.6232744340087,534155.0585042698,1.965634444437489E8,1107.8533822071215,338224.03142654465,-9158.237494165358,60679.62037669335,112733.11590713535,802.5812348073416,7511.5326895424,
