-0.45628888488380803|0.5911196381374524,-0.6563692577967699,-0.9040279897442776,0.6126989514644492,-0.06316438269266733,0.11471328998241592,0.5221406957720254,0.3265145075686169,-0.7509114121327614,-0.24900292544229163|-0.5728801160048105,0.2619881195212095,-0.3493367303728798,0.1645043789415781,0.20580857021890164,0.7163152509215878,-0.018719710534868206,-0.19971357440622306,0.21610228194895842,0.5689465657287762
-0.4327842261980892|0.08304177978535132,0.9605791838521098,0.6124005331562459,0.3415847442113298,-0.7213445503238891,-0.19123868839480407,-0.9737908366913484,0.14687076461116,-0.8640245364382266,0.17313738003398216|-0.5885542534077468,0.07343505264281558,0.5769496627708561,-0.6273641793874587,0.6307314624119031,-0.5029900932495619,-0.7170482782636887,0.7872009301440854,-0.06774324759994377,0.4606237390791623
0.15146610316903697|0.3955340401618528,-0.8723998489093319,0.3808559734664676,-0.23477791301169715,-0.8312778538846974,0.004461841487871876,0.46881025184620984,0.4479404353545142,-0.3883128731024914,0.7806320497603385|0.2939062398005565,-0.46630426782396284,-0.15007797815286894,-0.8627113641728905,0.2954707964829526,0.555200931160589,0.35731322485505523,0.20669507758432015,-0.8395916132904413,0.12338185814402225
-3.7213406580323802|0.03791367249197464,-0.9779186882597857,-0.5455247579679565,-0.7804791693288666,-0.6471390945713358,-0.14825860339261854,-0.8819517489095585,-0.46447345782922134,0.20042667827573246,0.48606451145925544|-0.6439367415609989,-0.29229806454761253,-0.221748145496784,-0.025652847831925785,-0.13130172695116094,0.5320651129303577,0.6107604993620093,0.8286266376727007,0.42829282375209665,-0.05103943925389376
-0.9801262248868077|0.19470886559705147,-0.5352121759514343,-0.7414454669017845,-0.5029078174475781,0.23465578462061498,0.03767351486746984,-0.8013268783576573,0.6904504162318199,-0.08721567557161336,0.5304932080263036|-0.7298034790572541,-0.34416543352434537,-0.09325999979587385,-0.8088699695962909,0.04456444620165256,-0.4389991126020103,-0.9501883601225078,-0.8028107521743468,-0.1239921846204326,0.9900373025218463
-1.117782480255945|0.7456869022520858,-0.03732650133072535,0.17743639253056687,0.15552348237997382,-0.3159780057154189,-0.9036143374878702,0.5984903895156064,-0.1513741411636491,-0.39232939006494405,-0.9942972711715703|0.07312676177531507,-0.9723930570995598,-0.8545900811227907,-0.84946670867286,-0.025359863190277165,-0.9348661956820816,0.49464203177926924,-0.1116900064959967,0.0900680982204296,-0.7788092931505775
-2.9232440703981633|-0.38064594709117694,-0.1429664479933257,0.35445573211049997,-0.826497180477332,0.19845055904722453,0.11354792824361382,-0.6193382591799246,-0.7808936540261922,-0.41694630656382903,-0.42241049446772116|-0.7653097258169137,0.9824523893634249,0.7840387706059513,0.5849727622196306,0.32433818166980855,-0.7671455659950741,-0.002984790972106799,0.23566845673536063,0.2927323856731292,0.9892490454022531
0.736615532618462|-0.1547153780225743,0.09149562543343315,-0.6924904541655286,0.8949406415543679,-0.5788453746451627,0.22382595514442838,-0.14279928036420353,0.15596311997344658,0.34343919358880326,0.5958014841214518|-0.2519141022224336,0.2819757487572174,-0.635475991749693,-0.7318892668805526,0.5253645102967106,-0.9208027739653932,-0.6176452195689524,-0.6521380834962454,-0.48507567528655104,-0.9112186589142255
-0.8416440596842314|-0.09340799455669702,-0.33449754445906255,-0.926087109848543,0.6563308034685298,-0.6110085676673795,-0.35490290852708695,-0.12406941146093975,0.6971785554534853,-0.4066273897381092,0.6554475076515716|0.6637185635571308,0.3648637712510263,-0.6722504896667794,-0.8741089272946869,-0.4483942464897386,-0.46838371223200315,0.7707875116553311,0.9669665419969551,0.3439521348114496,-0.04770598045687868
-1.2261613838089334|0.9505788794189269,-0.9891148316055691,-0.30575458804928024,0.0018796152306628233,0.908459789806543,-0.2770229256467558,0.06652599335122056,-0.9201901798545282,0.2770943065315923,-0.9386174429917455|-0.5345403874133245,0.7285333005093635,-0.8238090454459757,-0.829033198144526,-0.8967700038688311,0.16796250519213407,0.39270894617845853,0.9663938492537101,-0.7065085458505198,0.8971644170802342
0.26095771752859953|-0.5138966359373636,-0.21700111804735855,0.8034377756254749,-0.16387438235437668,0.5512456300024293,0.8659394520583272,-0.8853171529576145,-0.2373657884610887,0.04762492835162613,0.01016500924854391|-0.009825463066936546,-0.7139829316301034,-0.5370180952213961,-0.5202868469005211,-0.0669534566142782,-0.33910014268294675,0.6925257805554754,-0.05974618153181388,-0.6471098474607448,-0.29791785667034
1.7665351824693154|0.4629660426680031,-0.7963529154110938,0.20058326171312624,0.6935263362326622,0.8764350975795612,0.24755623138560168,0.8742288531731934,-0.1426857382251847,-0.9425654867643798,0.292843500117826|-0.1830540704043626,-0.35277471393084814,-0.11669361127426203,0.19560618565599053,-0.33578288570501025,0.39628644958722203,-0.6291437102638893,0.941205685013776,0.29817697668234167,-0.13652380603592396
-0.37885840194497833|0.7054323353051919,0.8299961142045231,-0.4100999692670617,0.616129794433417,-0.130358517770516,-0.8888849297327579,0.9283847631816247,-0.8544444786735785,-0.3067642561490367,-0.8682492574767842|-0.6793191417574966,0.9710540703530297,0.6013286433955034,-0.9745954288891294,-0.976664638930534,-0.9565762796258668,0.08810702336866494,-0.636539623452562,0.33501842417469674,-0.884452857186927
-0.1005653259137298|0.251893842839521,-0.9698039277632162,-0.25054234648021834,0.9436310504235503,-0.5580473824273455,-0.9753324072166083,-0.2396705576678113,0.8344943745258924,0.11180479792503117,0.751007229927475|0.13781367311853088,-0.4263600024666523,0.6629732965746074,-0.6292376025364388,-0.1139140715837983,-0.5399880711094629,-0.799431400159273,-0.7374619543404624,-0.6900918450154765,-0.7620379949432574
2.8344810900083024|0.566816643632494,0.9506198077516863,0.007089071813722203,-0.09253798648304135,-0.15292084263862527,0.3879122188400348,0.28463666961195666,0.2459043713230582,0.5309634922452551,0.10599764391176159|0.3692721355281747,0.04877072548419492,-0.2199626182810015,-0.902799263281526,0.2605781110548955,0.7680342596106715,-0.9491379956301178,0.10046399685501695,0.4922157879909115,-0.14844494358735338
1.238338747863456|-0.6666250361413402,0.7295909777842031,-0.9687091744512257,0.8038382617961737,0.17066177045955788,-0.06033880562111049,0.5243436755567614,-0.4469054567716819,0.5047583254844108,0.6477242097677074|0.06403484407468629,-0.58624792682333,-0.8368642171903413,0.37657400884640846,0.9222191791788841,0.730581232464613,-0.4052875260235822,0.8425271810371056,0.16387553883331107,0.6225531149394157
-0.5117825832230947|-0.2621176535102352,-0.32640604510384486,-0.41492092806792735,0.9729550353795753,0.35452994243909464,-0.8421034333476018,-0.1483530353976421,0.5903258534427658,0.08190162135263379,-0.5175939404099128|0.9791217891813553,0.027399857223637136,-0.6979707126752746,0.38223192159684105,-0.33653808427360943,-0.21058536126041782,-0.647600794073119,0.828588255536056,-0.2913276840341572,-0.726549326195538
-1.1390110078984497|0.49469171212865604,-0.2958352432024842,-0.3276465079408939,0.2050542596179057,-0.16762898358445733,0.02680560413996913,-0.4259529136501794,-0.07866317321557403,-0.9180461308939423,0.3482103687025506|0.9497586904913955,-0.2648614760489947,-0.7904651600201447,0.5868643009272105,-0.14688118633558744,0.16162586044425065,0.09088168510732375,0.33484577745848454,0.8944276741565769,0.9989440817151916
1.8081087850267752|-0.9348471035080408,0.7349615491483086,-0.761702212761723,-0.5929147530915841,-0.07228716708783711,0.62772720229171,0.6882139918260388,0.4400144352342177,0.9184230998457803,0.7605197431299049|0.4190522736737863,0.48250590366196877,0.046142858811082155,0.41311921461002843,0.7301361912314424,-0.5425012124838278,0.3143241075003118,-0.7616112588449035,-0.887107935040667,-0.9374285536987041
-0.7660394671010198|0.018227520753379522,0.4802692859490829,-0.6422557558079893,0.5336426195157771,-0.7009147582080657,0.02853386584228912,-0.23567247124536705,0.5531221535235968,0.043510793609609966,-0.8445027210333331|-0.563330430279485,0.6662130154145842,-0.09223549645767726,0.11679424548632555,-0.35454881846834385,-0.3806175765623072,-0.6747849453675832,0.6551471055234623,0.10652657902951268,0.535238927455878
0.7828696128971944|-0.5999243902212008,-0.9658966459510321,0.25916980201685424,0.5524609738883137,-0.48867643449476406,0.5898133530175773,-0.06618464458005135,0.6966017039662402,0.24995539923753762,0.5555504960177196|0.5944343464579558,0.45569791486903855,0.3630875911074325,0.9682435747989746,-0.5751552674323113,-0.3571342992077404,0.2373652524832519,-0.893184936276207,-0.4537820257493286,0.4092945114540696
0.2636782888999618|0.8514406612034124,-0.8697098086414023,-0.6871458564159021,0.6228025400505754,-0.9436301854939062,-0.6905832504733791,0.34680911300674966,0.37089640172140115,0.8522557108566056,0.4105429630858073|-0.021662901349177144,-0.045823520750612134,0.04607893626599058,-0.014457514980023456,0.04912322616675713,-0.5806078355134581,-0.4396682434492072,-0.10834340823350308,-0.9242072928078295,-0.9408707809767853
-0.9975103158664025|-0.45051264469822705,-0.5595100554553549,0.4911026828064564,0.028810904009737515,0.41409833888787495,-0.8856189466871691,0.27838795127582583,0.2770902658878087,-0.5889488276046515,-0.002409984288703315|0.514403675195686,0.014112383220899805,0.9821960931810279,-0.2708988025063699,-0.4433482567708895,0.1162815089717617,-0.4244348152844979,0.2254880224518665,-0.28369787882842323,0.44403831685721196
0.4402128934643603|0.41951941993593245,0.8905038679248016,-0.4215725474901706,0.1884629899849617,-0.05200442724117882,-0.27986484146359203,-0.7125831049320182,0.7274985453962963,-0.9534176113443307,0.6336706026936585|-0.6589357942337979,-0.36830077604853284,0.9006669900708761,-0.40483119534683065,0.23411948656618664,-0.5976017884391687,-0.9909340667693782,0.9104885951699981,0.9762808117844255,-0.22812621628343854
2.019068941112045|0.5522352383798839,0.965406018715588,0.12206199552849628,0.6690401234237728,0.4575053561997202,0.8771009612899916,-0.7499485841568134,-0.14184000461849755,-0.24552050967664774,-0.48697165397344944|-0.8477567137831084,0.19417401920938837,0.431951066329741,0.7276155686836934,0.3426216189524436,-0.1507735632013696,0.3423903522675624,0.4211447670195698,-0.335066346644167,-0.6941494322145381
2.0447984429233754|-0.5807757770151041,0.6474232711691563,0.19466575351422732,0.11900437161700617,0.8986047737218785,0.3024313167603221,-0.9695605235797902,0.16445073032459456,0.32052323200673727,0.9480312944043472|0.9306804635820296,0.777137998976158,-0.9344548215545374,-0.539135908531404,-0.2607188256462234,0.26103418372744236,0.14315240895209325,0.3924922586963582,-0.14450984347620555,0.5702181995837992
-1.1804837763071163|-0.10133335468691018,-0.1474103213618092,-0.979362270351807,-0.31373453394460427,-0.3968898722252725,-0.31303909586763545,0.8833790584114192,0.7094674868599882,-0.1822293634367489,-0.33933150970373616|0.23690930704129443,0.08345144513413971,-0.9565523087526024,-0.7313579805348203,-0.15913728591021092,0.9095532889714251,0.1874486054365292,-0.13187961433934703,-0.6291854712270728,0.1551979179782439
-0.41843610774219764|-0.47783492568939323,0.05580570229192383,0.8622692848725197,-0.27909732086169425,-0.6121312011164888,-0.3613158735233808,0.5437139347563922,0.08181488541544812,-0.056963489255443145,-0.17469710463208132|0.869865955852994,0.38412465655798833,-0.38441190339125564,-0.47994482108562875,-0.44808759793369446,0.8098946549949233,0.4749869936574691,0.009093486279760254,0.9431837581186788,0.9518030165063278
-2.719227191205975|-0.6025074979540339,-0.929714899995737,-0.41716100535926603,-0.294073048975831,0.3758444340217375,-0.7518068679769505,0.64840877051827,-0.46143718083962093,0.5181425574190253,-0.8049224520635683|-0.5017640026664671,-0.592494580373421,-0.6958580287539831,0.0899741088232533,-0.5508130766095822,0.055355983068338555,0.4171787168325318,0.028440367946618528,-0.599766075967805,-0.00800786265830511
-0.7032220522609351|0.5042879419106834,-0.35428350794767205,-0.13231172044398787,-0.16671553042971898,0.9122101985717157,0.6453747524124422,-0.5621430453136655,0.16160508744390722,-0.8196071111798977,-0.8916391172847415|0.1845628162107742,-0.02983535493076528,-0.524114313278661,0.5207982889238965,-0.17915510071571417,0.45501678660973854,-0.7743766267469796,-0.47373749625139316,0.5239241147716303,0.4538139263227299
3.0174596846854187|0.04721310012086666,0.29699606511760535,0.3200081136119459,0.7830551762305544,0.964191018625201,0.44378227681040494,-0.9112586418549768,0.5668095011297252,0.8932899141908159,-0.3866268392967238|0.6197941789338854,0.4593783735664576,0.5427069186419298,-0.17907617011356836,-0.9682008430302569,-0.7058869445104132,-0.6197730603999809,0.8079768364457576,-0.4056518519293941,-0.3002779972745808
-1.2041273844145188|0.07615771421784934,-0.6862541473813262,-0.37869277591773787,0.1762126365058485,-0.6479916743946794,-0.6274741109896309,0.7509357136934895,-0.6781066997927867,0.12181385733370553,0.6892721023107495|-0.24491144864358527,-0.8971814421307542,-0.5380986634847922,0.006699035012725174,-0.6932096414948676,-0.4038152748855717,0.06425624984773348,0.1613284976555296,0.326026282762923,-0.7173934199621248
0.5465883496757411|0.8361739544579907,-0.09810871996986159,-0.8809794966156634,0.059281064832556574,-0.7246287068927675,0.6507471866574952,0.8401116595680673,0.852345730601699,-0.9400185168447104,-0.04833580611906485|-0.9333019019570903,-0.8587986054080419,0.6182528916020271,0.22372656567367777,-0.19550708187228172,-0.30325635409663043,0.5536767050370237,0.6854509297031115,0.8764995746592938,-0.14687528944577788
1.6254403044776229|-0.2113319881009137,-0.990382399710358,0.13052953361315023,-0.016106080225546604,0.668002793028208,0.3352223356892474,-0.086011327196587,0.29225727409696156,0.8857212618237342,0.6175389014597268|-0.5127062652664951,0.029150427038458604,0.5001578971928569,0.16302338431673746,0.09254103094225341,0.8395109069310602,0.44982651564851106,-0.04136677226624563,0.6779496566370746,0.05166798069235745
-3.3002157262931213|-0.6132663848609559,-0.6004234206841375,-0.008513148744359045,0.24128452825192714,0.3663217953369968,-0.4549263999411386,-0.7372069450719774,-0.6116908049660446,-0.912896282968481,0.03110133735504883|0.42769629973349454,0.13155872504137567,0.22667381069062387,0.18714602151152038,0.982511985133578,0.5716290544192921,0.931034903464897,-0.4169848825395348,0.7883194653833356,0.5607128128765364
-3.73932594564695|-0.3650999444249168,-0.8742115629806544,-0.43023875272311707,0.2760208875643164,-0.9043257138391119,0.8436438897563088,-0.6274683974668651,-0.27195774814172746,-0.6441100557174733,-0.7415785476737093|-0.0882950943431502,-0.06763749800984797,-0.8696478917571522,-0.9346436094648063,-0.15615435002826694,-0.2013228341746114,0.15539094538297538,0.29085408601758833,0.6514675019736613,0.014716477787749094
1.2567726644867852|0.5982100902181555,0.7702892308540354,-0.14406892783698244,0.7832091993878774,-0.8016336819962351,-0.6159586408114262,0.11229368517558092,0.6379008664668484,-0.08242092994088512,-0.0010482270301837016|-0.7884833207049917,0.8892491065629395,0.466588470342973,-0.5464391453956385,0.17502643126145911,0.09985234498452478,-0.4169346891704975,0.9079847372052334,-0.4540290685172197,-0.9050406702375531
-1.760483514565429|0.4826203033814571,0.7657731356323887,-0.6275463583738039,-0.9638036195661488,0.10433921622883324,-0.8679466816664385,-0.23499869762116954,-0.8665613801451042,0.13206400108579386,0.3155765664787633|-0.6884311036945769,0.31087651347227174,0.4400003217190056,0.2697263165248529,-0.33959261648734884,0.2209672872965891,-0.13014790267448162,0.10721790840149326,0.028103795927476805,-0.13243098887136284
-1.5364443868386377|0.08037269664694757,0.3690988675159568,0.5128137010298879,-0.9842711272083564,-0.7193617135268842,0.03578391514294421,0.29208227222350036,0.6473937145149291,-0.8291007339992715,-0.9412559791782915|-0.29561704053049787,-0.8477703641160879,0.16058238467371622,-0.9767944351537703,-0.8306770315272145,0.012096044589132937,-0.3534359456910958,0.477236365107242,-0.642395857865929,0.717597001562287
-3.5037311742249333|0.9631051651822591,-0.19870922490958942,-0.37248988993275733,-0.4821093015250306,-0.6800580262792766,-0.941061851941599,0.6224240345743939,-0.687124738195138,-0.9256777619733902,-0.8020295792248053|0.4710769423887484,-0.784421484080589,0.6797707438467764,0.992292946779052,0.007180071460271664,-0.9854535629597927,-0.9617884809371948,0.07674943368332565,0.11523254851021081,0.2471278096645575
