01012000	5.0
01012001	7.3
01012002	8.4
01012003	7.0
01012004	6.0
01012005	8.6
01012006	1.2
01012007	7.0
01012008	5.3
01012010	7.0
01012011	6.0
01012012	7.0
01012013	4.0
01022000	9.5
01022001	11.4
01022002	8.0
01022003	9.6
01022004	11.1
01022005	15.8
01022006	11.3
01022007	8.4
01022008	7.0
01022009	3.0
01022010	7.0
01022011	3.0
01022012	-1.0
01022013	4.0
01032000	9.0
01032001	9.3
01032002	12.5
01032003	15.2
01032004	9.8
01032005	2.4
01032006	9.8
01032007	13.8
01032008	16.7
01032009	11.0
01032010	13.0
01032011	11.0
01032012	19.0
01032013	13.0
01042000	15.7
01042001	20.0
01042002	23.3
01042003	19.3
01042004	23.7
01042005	15.6
01042006	16.0
01042007	14.6
01042008	23.9
01042009	15.0
01042010	12.0
01042011	23.0
01042012	18.0
01042013	8.0
01052000	27.6
01052001	24.7
01052002	24.0
01052003	23.6
01052004	21.4
01052005	27.1
01052006	19.3
01052007	24.0
01052008	22.0
01052009	23.0
01052010	22.0
01052011	23.0
01052012	19.0
01052013	23.0
01062000	28.5
01062001	30.0
01062002	29.5
01062003	30.4
01062004	22.3
01062005	26.1
01062006	22.5
01062007	17.2
01062008	25.0
01062009	25.0
01062010	26.0
01062011	20.0
01062012	28.0
01062013	21.0
01072000	30.2
01072001	33.0
01072002	30.8
01072003	31.3
01072004	31.2
01072005	32.8
01072006	32.2
01072007	31.2
01072008	30.0
01072009	32.0
01072010	33.0
01072011	28.0
01072012	34.0
01072013	29.0
01082000	33.1
01082001	35.3
01082002	28.5
01082003	33.0
01082004	34.0
01082005	32.4
01082006	30.2
01082007	29.3
01082008	32.0
01082009	33.0
01082010	30.0
01082011	30.0
01082012	32.0
01082013	32.0
01092000	30.0
01092001	18.4
01092002	30.0
01092003	23.4
01092004	26.3
01092005	31.5
01092006	28.0
01092007	27.3
01092008	29.0
01092009	32.0
01092010	25.0
01092011	28.0
01092012	23.0
01092013	28.0
01102000	19.3
01102001	25.2
01102002	23.0
01102003	18.7
01102004	25.0
01102005	23.2
01102006	20.1
01102007	24.0
01102008	22.0
01102009	27.0
01102010	18.0
01102011	28.0
01102012	22.0
01102013	20.0
01112000	19.3
01112001	19.3
01112002	17.8
01112003	13.2
01112004	17.0
01112005	15.0
01112006	19.5
01112007	16.8
01112008	17.0
01112009	14.0
01112010	14.0
01112011	15.0
01112012	14.0
01112013	16.0
01122000	11.3
01122001	10.0
01122002	9.2
01122003	10.0
01122004	8.5
01122005	8.6
01122006	14.0
01122007	9.0
01122008	6.0
01122009	13.0
01122010	3.0
01122011	7.0
01122012	8.0
01122013	8.0
02012000	5.1
02012001	4.2
02012002	9.4
02012003	6.0
02012004	6.2
02012005	11.5
02012006	5.0
02012007	13.3
02012008	2.5
02012010	10.0
02012011	4.0
02012012	5.0
02012013	5.0
02022000	8.5
02022001	9.5
02022002	7.0
02022003	6.0
02022004	14.2
02022005	12.0
02022006	13.0
02022007	8.2
02022008	8.2
02022009	2.0
02022011	4.0
02022013	5.0
02032000	16.7
02032001	5.3
02032002	10.2
02032003	11.0
02032004	10.0
02032005	6.0
02032006	9.6
02032007	19.0
02032008	25.0
02032009	11.0
02032010	18.0
02032011	7.0
02032012	22.0
02032013	12.0
02042000	17.4
02042001	20.3
02042002	23.0
02042003	11.5
02042004	22.4
02042005	16.0
02042006	21.6
02042007	19.0
02042008	21.2
02042009	13.0
02042010	15.0
02042011	23.0
02042012	16.0
02042013	14.0
02052000	25.1
02052001	25.9
02052002	17.3
02052003	20.5
02052004	22.2
02052005	27.2
02052006	21.1
02052007	17.1
02052008	23.8
02052009	25.0
02052010	18.0
02052011	23.0
02052012	20.0
02052013	24.0
02062000	29.5
02062001	23.3
02062002	29.7
02062003	30.0
02062004	27.3
02062005	27.3
02062006	22.1
02062007	17.7
02062008	24.0
02062009	29.0
02062010	27.0
02062011	24.0
02062012	27.0
02072000	32.0
02072001	31.5
02072002	29.2
02072003	30.2
02072004	33.5
02072005	34.0
02072006	30.2
02072007	28.4
02072008	31.0
02072009	32.0
02072010	32.0
02072011	25.0
02072012	30.0
02072013	30.0
02082000	32.6
02082001	35.1
02082002	30.0
02082003	34.1
02082004	33.1
02082005	28.1
02082006	31.2
02082007	29.7
02082008	31.0
02082009	31.0
02082010	30.0
02082011	30.0
02082012	33.0
02082013	34.0
02092000	29.0
02092001	26.9
02092002	29.8
02092003	27.2
02092004	30.1
02092005	33.0
02092006	28.1
02092007	26.9
02092008	28.0
02092009	32.0
02092010	25.0
02092011	30.0
02092012	23.0
02092013	27.0
02102000	20.0
02102001	22.7
02102002	23.0
02102003	23.4
02102004	24.0
02102005	17.8
02102006	24.2
02102007	26.4
02102008	18.0
02102009	30.0
02102010	20.0
02102011	27.0
02102012	23.0
02102013	21.0
02112000	14.0
02112001	18.0
02112002	16.0
02112003	19.0
02112004	20.0
02112005	17.7
02112006	14.3
02112007	17.4
02112008	18.0
02112009	11.0
02112010	14.0
02112011	14.0
02112012	15.0
02112013	15.0
02122000	8.2
02122001	6.8
02122002	7.1
02122003	13.2
02122004	9.0
02122005	4.3
02122006	9.4
02122007	10.2
02122008	6.0
02122009	12.0
02122010	2.0
02122011	8.0
02122012	7.0
02122013	11.0
03012000	7.7
03012001	5.6
03012002	5.4
03012003	12.8
03012004	10.0
03012005	13.7
03012006	7.1
03012007	15.0
03012008	2.0
03012009	3.0
03012011	5.0
03012012	4.0
03012013	9.0
03022000	10.0
03022001	8.3
03022002	9.0
03022003	4.9
03022004	11.3
03022005	16.5
03022006	12.0
03022007	10.5
03022008	7.2
03022009	5.0
03022010	8.0
03022011	9.0
03022012	-2.0
03022013	12.0
03032000	17.2
03032001	5.0
03032002	13.2
03032003	13.2
03032004	13.6
03032005	1.0
03032006	10.0
03032007	18.3
03032008	20.0
03032009	12.0
03032010	10.0
03032011	4.0
03032012	18.0
03032013	14.0
03042000	10.2
03042001	21.0
03042002	22.0
03042003	13.2
03042004	20.1
03042005	17.4
03042006	22.7
03042007	19.8
03042008	20.1
03042009	20.0
03042010	11.0
03042011	24.0
03042012	16.0
03042013	16.0
03052000	27.2
03052001	24.0
03052002	17.8
03052003	27.0
03052004	14.0
03052005	26.5
03052006	22.8
03052007	19.7
03052008	25.9
03052009	23.0
03052010	21.0
03052011	24.0
03052012	23.0
03052013	23.0
03062000	31.3
03062001	24.4
03062002	25.4
03062003	28.3
03062004	28.2
03062005	29.6
03062006	25.5
03062007	26.3
03062008	27.0
03062009	30.0
03062010	25.0
03062011	26.0
03062012	26.0
03062013	23.0
03072000	30.9
03072001	32.6
03072002	30.6
03072003	30.5
03072004	29.8
03072005	32.1
03072006	30.9
03072007	27.7
03072008	29.0
03072009	33.0
03072010	33.0
03072011	27.0
03072012	30.0
03072013	26.0
03082000	27.6
03082001	32.8
03082002	31.0
03082003	35.5
03082004	33.4
03082005	32.0
03082006	26.7
03082007	30.1
03082008	31.0
03082009	26.0
03082010	31.0
03082011	31.0
03082012	33.0
03082013	35.0
03092000	28.9
03092001	28.7
03092002	22.0
03092003	25.5
03092004	31.6
03092005	31.5
03092006	29.6
03092007	27.6
03092008	28.0
03092009	30.0
03092010	26.0
03092011	31.0
03092012	21.0
03092013	29.0
03102000	21.8
03102001	25.2
03102002	23.0
03102003	22.3
03102004	25.6
03102005	15.1
03102006	23.2
03102007	26.9
03102008	21.0
03102009	24.0
03102011	28.0
03102012	24.0
03102013	17.0
03112000	12.4
03112001	17.1
03112002	13.0
03112003	17.6
03112004	23.0
03112005	18.3
03112006	14.6
03112007	18.5
03112008	14.0
03112009	15.0
03112010	18.0
03112011	14.0
03112012	12.0
03112013	17.0
03122000	10.3
03122001	6.3
03122002	6.4
03122003	13.0
03122004	9.5
03122005	4.5
03122006	10.0
03122007	10.0
03122008	7.0
03122009	6.0
03122010	5.0
03122011	9.0
03122012	10.0
03122013	10.0
04012000	9.7
04012001	3.0
04012002	5.9
04012003	6.9
04012004	5.4
04012005	13.0
04012006	7.7
04012007	9.0
04012008	2.3
04012009	-1.0
04012010	3.0
04012012	8.0
04012013	10.0
04022000	11.3
04022001	7.0
04022002	4.3
04022003	7.4
04022004	15.7
04022005	9.7
04022006	10.5
04022007	9.0
04022008	6.6
04022009	8.0
04022010	6.0
04022011	11.0
04022012	-1.0
04022013	12.0
04032000	17.9
04032001	8.2
04032002	16.8
04032003	17.3
04032004	12.2
04032005	7.0
04032006	12.4
04032007	20.0
04032008	19.2
04032009	9.0
04032011	9.0
04032012	16.0
04032013	14.0
04042000	12.0
04042001	17.3
04042002	21.4
04042003	13.0
04042004	21.0
04042005	19.1
04042006	19.4
04042007	17.1
04042008	20.7
04042009	18.0
04042010	10.0
04042011	23.0
04042012	15.0
04042013	12.0
04052000	27.4
04052001	17.0
04052002	15.6
04052003	27.6
04052004	15.3
04052005	25.1
04052006	24.2
04052007	16.0
04052008	24.2
04052009	23.0
04052010	16.0
04052011	21.0
04052012	21.0
04052013	24.0
04062000	32.8
04062001	25.3
04062002	26.1
04062003	30.4
04062004	29.7
04062005	29.2
04062006	27.5
04062007	29.2
04062008	22.0
04062009	30.0
04062010	29.0
04062011	23.0
04062012	22.0
04062013	26.0
04072000	33.2
04072001	27.9
04072002	32.6
04072003	28.2
04072004	32.3
04072005	31.0
04072006	29.7
04072007	28.0
04072008	31.0
04072009	33.0
04072010	33.0
04072011	28.0
04072012	31.0
04072013	30.0
04082000	22.0
04082001	32.5
04082002	30.4
04082003	37.1
04082004	30.0
04082005	31.9
04082006	27.5
04082007	30.5
04082008	31.0
04082009	30.0
04082010	28.0
04082011	31.0
04082012	33.0
04082013	34.0
04092000	27.7
04092001	25.6
04092002	22.0
04092003	26.5
04092004	33.2
04092005	28.8
04092006	31.4
04092007	23.0
04092008	29.0
04092009	32.0
04092010	27.0
04092011	24.0
04092012	26.0
04092013	29.0
04102000	22.1
04102001	20.7
04102002	21.0
04102003	26.2
04102004	24.3
04102005	18.4
04102006	23.5
04102007	25.0
04102008	19.0
04102009	24.0
04102010	18.0
04102011	28.0
04102012	23.0
04102013	16.0
04112000	15.0
04112001	16.3
04112002	18.0
04112003	16.5
04112004	23.0
04112005	16.0
04112006	13.3
04112007	18.2
04112008	16.0
04112009	11.0
04112010	15.0
04112011	15.0
04112012	12.0
04112013	12.0
04122000	12.7
04122001	6.7
04122002	9.0
04122003	13.0
04122004	9.4
04122005	3.0
04122006	10.4
04122007	15.2
04122008	7.0
04122009	5.0
04122010	6.0
04122011	10.0
04122012	6.0
04122013	9.0
05012000	9.0
05012001	4.0
05012002	6.2
05012003	4.5
05012004	7.0
05012005	12.3
05012006	6.0
05012007	8.6
05012008	6.0
05012010	3.0
05012011	2.0
05012012	10.0
05012013	16.0
05022000	11.1
05022001	9.5
05022002	6.7
05022003	11.3
05022004	16.6
05022005	4.5
05022006	6.3
05022007	10.7
05022008	13.9
05022009	9.0
05022010	3.0
05022011	14.0
05022012	-1.0
05022013	6.0
05032000	16.0
05032001	15.2
05032002	14.4
05032003	16.9
05032004	10.7
05032005	7.0
05032006	15.7
05032007	19.5
05032008	12.4
05032009	8.0
05032010	9.0
05032011	12.0
05032012	11.0
05032013	10.0
05042000	20.6
05042001	19.0
05042002	20.5
05042003	18.5
05042004	21.0
05042005	19.2
05042006	12.4
05042007	19.1
05042008	20.2
05042009	21.0
05042010	19.0
05042011	20.0
05042012	16.0
05042013	10.0
05052000	25.5
05052001	21.1
05052002	16.7
05052003	29.1
05052004	15.1
05052005	23.7
05052006	18.5
05052007	20.3
05052008	20.6
05052009	20.0
05052010	17.0
05052011	21.0
05052012	17.0
05052013	21.0
05062000	32.0
05062001	27.1
05062002	22.0
05062003	31.6
05062004	29.3
05062005	27.8
05062006	26.4
05062007	27.9
05062008	21.0
05062009	27.0
05062010	30.0
05062011	21.0
05062012	27.0
05062013	26.0
05072000	33.4
05072001	31.6
05072002	28.6
05072003	29.6
05072004	34.4
05072005	27.1
05072006	30.3
05072007	27.4
05072008	30.0
05072009	32.0
05072010	32.0
05072011	29.0
05072012	30.0
05072013	31.0
05082000	20.0
05082001	33.5
05082002	30.3
05082003	38.3
05082004	29.7
05082005	29.9
05082006	27.2
05082007	30.4
05082008	33.0
05082009	32.0
05082010	23.0
05082011	30.0
05082012	32.0
05082013	34.0
05092000	27.0
05092001	27.0
05092002	26.6
05092003	27.4
05092004	30.8
05092005	27.0
05092006	32.0
05092007	23.6
05092008	28.0
05092009	29.0
05092010	26.0
05092011	28.0
05092012	27.0
05092013	29.0
05102000	25.0
05102001	23.0
05102002	23.4
05102003	16.3
05102004	25.4
05102005	18.5
05102006	22.3
05102007	26.1
05102008	20.0
05102009	22.0
05102010	20.0
05102011	27.0
05102012	22.0
05102013	15.0
05112000	14.5
05112001	14.5
05112002	19.0
05112004	20.2
05112005	15.0
05112006	15.5
05112007	15.1
05112008	17.0
05112009	11.0
05112010	16.0
05112011	16.0
05112012	18.0
05112013	16.0
05122000	10.0
05122001	7.0
05122002	10.0
05122003	13.7
05122004	10.4
05122005	6.0
05122006	10.3
05122007	12.9
05122008	5.0
05122009	12.0
05122011	12.0
05122012	9.0
05122013	10.0
06012000	10.0
06012001	5.2
06012002	7.6
06012003	5.0
06012004	4.5
06012005	13.1
06012006	8.4
06012007	8.0
06012008	6.0
06012010	8.0
06012011	2.0
06012012	11.0
06012013	14.0
06022000	10.6
06022001	8.0
06022002	7.5
06022003	10.4
06022004	16.3
06022005	7.8
06022006	4.8
06022007	5.0
06022008	13.4
06022009	9.0
06022010	6.0
06022011	15.0
06022012	-3.0
06022013	11.0
06032000	15.3
06032001	16.3
06032002	12.5
06032003	15.2
06032004	6.0
06032005	10.0
06032006	13.4
06032007	14.0
06032008	12.0
06032009	10.0
06032010	10.0
06032011	16.0
06032012	10.0
06032013	9.0
06042000	20.6
06042001	20.5
06042002	13.8
06042003	18.7
06042004	20.0
06042005	20.0
06042006	15.0
06042007	21.1
06042008	17.7
06042009	23.0
06042010	19.0
06042011	23.0
06042012	20.0
06042013	15.0
06052000	22.0
06052001	23.8
06052002	20.5
06052003	29.4
06052004	14.7
06052005	26.1
06052006	23.0
06052007	23.3
06052008	24.8
06052009	24.0
06052010	19.0
06052011	22.0
06052012	20.0
06052013	21.0
06062000	29.3
06062001	23.7
06062002	23.0
06062003	32.0
06062004	28.0
06062005	25.7
06062006	25.0
06062007	22.9
06062008	25.0
06062009	29.0
06062010	30.0
06062011	23.0
06062012	25.0
06062013	26.0
06072000	32.9
06072001	30.9
06072002	28.0
06072003	31.1
06072004	32.6
06072005	28.5
06072006	28.7
06072007	29.7
06072008	29.0
06072009	30.0
06072010	31.0
06072011	30.0
06072012	30.0
06072013	31.0
06082000	25.0
06082001	30.1
06082002	27.4
06082003	37.2
06082004	30.5
06082005	27.0
06082006	29.8
06082007	31.6
06082008	30.0
06082009	32.0
06082010	29.0
06082011	28.0
06082012	30.0
06082013	34.0
06092000	27.0
06092001	27.7
06092002	26.0
06092003	29.2
06092004	28.6
06092005	26.9
06092006	31.5
06092007	20.8
06092008	32.0
06092009	27.0
06092010	23.0
06092011	26.0
06092012	29.0
06092013	29.0
06102000	20.0
06102001	24.8
06102002	22.0
06102003	23.0
06102004	25.5
06102005	17.0
06102006	22.2
06102007	25.4
06102008	22.0
06102009	21.0
06102010	23.0
06102011	25.0
06102012	23.0
06102013	16.0
06112000	11.7
06112001	12.6
06112002	13.3
06112004	16.2
06112005	15.0
06112006	15.7
06112007	16.0
06112008	16.0
06112009	11.0
06112010	15.0
06112011	16.0
06112012	16.0
06112013	20.0
06122000	10.1
06122001	11.4
06122002	10.3
06122003	16.0
06122004	11.0
06122005	7.1
06122006	11.0
06122007	12.0
06122008	4.0
06122009	7.0
06122010	1.0
06122011	10.0
06122012	10.0
06122013	13.0
07012000	8.8
07012001	7.0
07012002	5.0
07012003	5.0
07012004	5.0
07012005	3.0
07012006	7.6
07012007	9.0
07012008	4.2
07012009	2.0
07012010	7.0
07012011	2.0
07012012	10.0
07012013	6.0
07022000	14.9
07022001	9.2
07022002	12.6
07022003	11.0
07022004	10.5
07022005	4.4
07022006	6.5
07022007	8.0
07022008	16.0
07022009	9.0
07022010	5.0
07022011	15.0
07022012	-1.0
07022013	11.0
07032000	15.8
07032001	12.0
07032002	18.2
07032003	15.3
07032004	6.3
07032005	8.5
07032006	11.9
07032007	12.2
07032008	11.7
07032009	16.0
07032010	6.0
07032011	8.0
07032012	12.0
07032013	9.0
07042000	17.8
07042001	12.0
07042002	14.0
07042003	12.4
07042004	18.8
07042005	15.6
07042006	14.3
07042007	23.6
07042008	19.4
07042009	23.0
07042010	18.0
07042011	28.0
07042012	20.0
07042013	14.0
07052000	20.4
07052001	24.3
07052002	23.7
07052003	30.3
07052004	19.4
07052005	25.0
07052006	24.5
07052007	26.4
07052008	24.1
07052009	26.0
07052010	16.0
07052011	24.0
07052012	23.0
07052013	23.0
07062000	28.5
07062001	28.2
07062002	24.1
07062003	32.5
07062004	30.7
07062005	30.5
07062006	23.9
07062007	24.0
07062008	25.0
07062009	28.0
07062010	26.0
07062011	19.0
07062012	23.0
07062013	27.0
07072000	33.4
07072001	27.4
07072002	30.1
07072003	32.2
07072004	29.6
07072005	27.7
07072006	27.7
07072007	31.2
07072008	29.0
07072009	26.0
07072010	30.0
07072011	29.0
07072012	30.0
07072013	31.0
07082000	30.0
07082001	32.0
07082002	32.1
07082003	36.0
07082004	31.8
07082005	25.0
07082006	31.4
07082007	33.0
07082008	29.0
07082009	32.0
07082010	28.0
07082011	28.0
07082012	33.0
07082013	30.0
07092000	28.7
07092001	29.0
07092002	28.8
07092003	28.3
07092004	29.3
07092005	24.5
07092006	31.4
07092007	28.4
07092008	29.0
07092009	26.0
07092010	19.0
07092011	26.0
07092012	29.0
07092013	30.0
07102000	21.6
07102001	21.0
07102002	21.0
07102003	20.6
07102004	23.0
07102005	19.6
07102006	19.7
07102007	22.6
07102008	19.0
07102009	25.0
07102010	21.0
07102011	23.0
07102012	24.0
07102013	17.0
07112000	11.0
07112001	14.4
07112002	7.0
07112003	13.3
07112004	16.5
07112005	17.7
07112006	18.5
07112007	16.0
07112008	16.0
07112009	12.0
07112010	12.0
07112011	15.0
07112012	14.0
07112013	15.0
07122000	10.0
07122001	13.0
07122002	10.0
07122003	9.0
07122004	14.6
07122005	7.2
07122006	13.0
07122007	8.0
07122008	9.0
07122009	7.0
07122010	3.0
07122011	11.0
07122012	3.0
07122013	10.0
08012000	8.5
08012001	9.0
08012002	8.8
08012003	2.2
08012004	6.1
08012005	7.0
08012006	8.0
08012007	9.0
08012008	7.2
08012009	4.0
08012010	5.0
08012011	4.0
08012012	15.0
08012013	6.0
08022000	10.2
08022001	9.5
08022002	15.1
08022003	10.9
08022004	17.2
08022005	7.0
08022006	5.0
08022007	8.1
08022008	12.0
08022009	12.0
08022010	2.0
08022011	14.0
08022012	4.0
08022013	9.0
08032000	19.7
08032001	9.0
08032002	17.3
08032003	14.3
08032004	9.0
08032005	14.6
08032006	11.6
08032007	18.1
08032008	12.0
08032009	15.0
08032010	5.0
08032011	8.0
08032012	12.0
08032013	11.0
08042000	20.2
08042001	19.4
08042002	11.2
08042003	14.3
08042004	17.6
08042005	13.3
08042006	18.0
08042007	20.5
08042008	13.0
08042009	21.0
08042010	19.0
08042011	29.0
08042012	17.0
08042013	9.0
08052000	22.4
08052001	26.8
08052002	16.8
08052003	32.0
08052004	20.1
08052005	24.0
08052006	20.2
08052007	27.3
08052008	26.0
08052009	24.0
08052010	19.0
08052011	28.0
08052012	21.0
08052013	24.0
08062000	29.2
08062001	26.7
08062002	22.0
08062003	33.0
08062004	32.8
08062005	24.2
08062006	25.7
08062007	27.8
08062008	25.0
08062009	27.0
08062010	27.0
08062011	22.0
08062012	23.0
08062013	28.0
08072000	34.9
08072001	32.4
08072002	32.2
08072003	33.0
08072004	28.0
08072005	27.7
08072006	30.4
08072007	31.5
08072008	30.0
08072009	29.0
08072010	29.0
08072011	30.0
08072012	31.0
08072013	30.0
08082000	30.5
08082001	31.0
08082002	30.0
08082003	35.5
08082004	29.7
08082005	27.7
08082006	32.0
08082007	25.4
08082008	31.0
08082009	28.0
08082010	28.0
08082011	29.0
08082012	32.0
08082013	26.0
08092000	27.1
08092001	29.3
08092002	27.4
08092003	21.8
08092004	30.0
08092005	26.8
08092006	30.3
08092007	27.5
08092008	29.0
08092009	27.0
08092010	22.0
08092011	29.0
08092012	29.0
08092013	26.0
08102000	22.1
08102001	23.9
08102002	14.0
08102003	21.2
08102004	25.0
08102005	21.5
08102006	23.0
08102007	22.8
08102008	23.0
08102009	26.0
08102010	17.0
08102011	21.0
08102012	19.0
08102013	18.0
08112000	13.2
08112001	9.0
08112002	14.0
08112003	8.4
08112004	14.4
08112005	13.0
08112006	15.5
08112007	19.5
08112008	17.0
08112009	9.0
08112010	14.0
08112011	15.0
08112012	13.0
08112013	14.0
08122000	10.5
08122001	8.5
08122002	9.0
08122003	9.5
08122004	11.0
08122005	5.0
08122006	13.0
08122007	10.1
08122008	9.0
08122009	10.0
08122010	6.0
08122011	15.0
08122012	1.0
08122013	4.0
09012000	5.5
09012001	13.0
09012002	8.9
09012003	3.6
09012004	5.3
09012005	8.0
09012006	9.0
09012007	9.4
09012008	5.5
09012010	6.0
09012011	5.0
09012012	11.0
09012013	7.0
09022000	14.0
09022001	10.4
09022002	15.4
09022003	6.0
09022004	17.8
09022005	9.0
09022006	11.4
09022007	11.0
09022008	10.0
09022009	13.0
09022010	3.0
09022011	12.0
09022012	2.0
09022013	7.0
09032000	25.6
09032001	15.1
09032002	18.0
09032003	15.3
09032004	13.0
09032005	16.3
09032006	14.0
09032007	18.5
09032008	10.0
09032009	10.0
09032010	4.0
09032011	11.0
09032012	14.0
09032013	12.0
09042000	15.8
09042001	21.4
09042002	9.0
09042003	15.0
09042004	8.0
09042005	12.4
09042006	12.5
09042007	23.0
09042008	13.3
09042009	23.0
09042010	22.0
09042011	32.0
09042012	14.0
09042013	10.0
09052000	24.4
09052001	25.1
09052002	17.2
09052003	28.6
09052004	21.3
09052005	21.5
09052006	16.0
09052007	29.3
09052008	26.4
09052009	25.0
09052010	20.0
09052011	22.0
09052012	24.0
09052013	26.0
09062000	31.8
09062001	26.8
09062002	21.9
09062003	33.7
09062004	35.0
09062005	23.5
09062006	25.1
09062007	29.0
09062008	26.0
09062009	26.0
09062010	29.0
09062011	24.0
09062012	27.0
09062013	22.0
09072000	29.2
09072001	32.3
09072002	32.2
09072003	30.2
09072004	31.3
09072005	26.0
09072006	31.6
09072007	27.0
09072008	29.0
09072009	29.0
09072010	31.0
09072011	31.0
09072012	32.0
09072013	31.0
09082000	30.0
09082001	31.0
09082002	24.4
09082003	37.3
09082004	28.4
09082005	28.0
09082006	28.0
09082007	25.7
09082008	30.0
09082009	31.0
09082010	29.0
09082011	27.0
09082012	32.0
09082013	29.0
09092000	26.2
09092001	26.1
09092002	28.0
09092003	18.4
09092004	29.2
09092005	22.0
09092006	26.4
09092007	27.4
09092008	30.0
09092009	27.0
09092010	24.0
09092011	29.0
09092012	29.0
09092013	29.0
09102000	20.7
09102001	25.1
09102002	17.7
09102003	25.4
09102004	24.5
09102005	22.4
09102006	22.6
09102007	22.4
09102008	24.0
09102009	21.0
09102010	16.0
09102011	21.0
09102012	22.0
09102013	19.0
09112000	10.5
09112001	10.0
09112002	11.2
09112003	13.2
09112004	9.0
09112005	13.0
09112006	18.0
09112007	16.8
09112008	18.0
09112009	12.0
09112010	9.0
09112011	18.0
09112012	15.0
09112013	16.0
09122000	12.2
09122001	6.5
09122002	5.0
09122003	9.6
09122004	14.7
09122005	10.0
09122006	12.5
09122007	7.0
09122009	12.0
09122010	13.0
09122011	7.0
09122012	4.0
09122013	6.0
10012000	4.9
10012001	8.0
10012002	10.3
10012003	2.0
10012004	7.0
10012005	9.0
10012006	8.0
10012007	9.0
10012008	8.0
10012009	1.0
10012010	10.0
10012011	5.0
10012012	13.0
10012013	7.0
10022000	15.8
10022001	17.3
10022002	18.0
10022003	6.0
10022004	14.0
10022005	11.3
10022006	12.2
10022007	11.6
10022008	10.9
10022009	7.0
10022010	5.0
10022011	12.0
10022013	5.0
10032000	21.3
10032001	12.2
10032002	22.0
10032003	21.8
10032004	4.0
10032005	16.5
10032006	17.3
10032007	17.1
10032008	11.0
10032009	14.0
10032010	2.0
10032011	14.0
10032012	13.0
10032013	13.0
10042000	13.0
10042001	17.2
10042002	13.9
10042003	6.4
10042004	13.0
10042005	13.3
10042006	14.1
10042007	24.1
10042008	11.3
10042009	19.0
10042010	24.0
10042011	25.0
10042012	11.0
10042013	17.0
10052000	24.9
10052001	25.4
10052002	19.6
10052003	23.2
10052004	23.1
10052005	14.4
10052006	21.0
10052007	29.6
10052008	26.4
10052009	24.0
10052010	17.0
10052011	24.0
10052012	28.0
10052013	20.0
10062000	30.7
10062001	26.0
10062002	28.7
10062003	34.5
10062004	35.5
10062005	25.2
10062006	27.1
10062007	30.5
10062008	28.0
10062009	27.0
10062010	29.0
10062011	23.0
10062012	23.0
10062013	22.0
10072000	25.8
10072001	29.0
10072002	33.1
10072003	32.5
10072004	30.5
10072005	24.3
10072006	32.8
10072007	28.6
10072008	30.0
10072009	27.0
10072010	33.0
10072011	32.0
10072012	31.0
10072013	30.0
10082000	31.0
10082001	31.8
10082002	19.6
10082003	38.0
10082004	28.7
10082005	27.3
10082006	29.3
10082007	28.5
10082008	30.0
10082009	30.0
10082010	30.0
10082011	27.0
10082012	30.0
10082013	30.0
10092000	29.1
10092001	24.5
10092002	27.0
10092003	29.3
10092004	27.5
10092005	27.4
10092006	27.1
10092007	26.7
10092008	31.0
10092009	29.0
10092010	26.0
10092011	30.0
10092012	30.0
10092013	25.0
10102000	14.0
10102001	24.6
10102002	16.4
10102003	24.7
10102004	24.0
10102005	20.3
10102006	23.7
10102007	21.4
10102008	24.0
10102009	24.0
10102010	17.0
10102011	21.0
10102012	20.0
10102013	18.0
10112000	12.0
10112001	10.4
10112002	12.7
10112003	18.0
10112004	8.0
10112005	12.5
10112006	16.3
10112007	15.0
10112008	15.0
10112009	15.0
10112010	11.0
10112011	14.0
10112012	11.0
10112013	14.0
10122000	13.2
10122001	8.2
10122002	4.6
10122003	5.0
10122004	14.4
10122005	8.4
10122006	11.5
10122007	6.0
10122008	2.0
10122009	11.0
10122010	10.0
10122011	10.0
10122012	8.0
11012000	4.2
11012001	7.3
11012002	10.3
11012003	4.0
11012004	8.0
11012005	12.3
11012006	9.3
11012007	14.3
11012008	5.4
11012009	3.0
11012010	5.0
11012011	8.0
11012012	10.0
11012013	5.0
11022000	9.5
11022001	17.3
11022002	16.2
11022003	5.4
11022004	16.0
11022005	14.5
11022006	11.0
11022007	14.8
11022008	11.1
11022009	12.0
11022010	4.0
11022011	13.0
11022012	-1.0
11032000	20.0
11032001	13.6
11032002	20.2
11032003	17.3
11032004	4.2
11032005	13.4
11032006	15.4
11032007	16.1
11032008	16.4
11032009	17.0
11032010	6.0
11032011	14.0
11032012	16.0
11032013	14.0
11042000	15.9
11042001	13.0
11042002	10.0
11042003	13.0
11042004	18.2
11042005	11.0
11042006	15.0
11042007	24.8
11042008	13.7
11042009	20.0
11042010	17.0
11042011	25.0
11042012	9.0
11042013	15.0
11052000	26.0
11052001	25.5
11052002	21.8
11052003	26.3
11052004	24.4
11052005	21.1
11052006	23.5
11052007	26.6
11052008	23.1
11052009	25.0
11052010	19.0
11052011	28.0
11052012	31.0
11052013	24.0
11062000	23.0
11062001	26.0
11062002	28.3
11062003	35.0
11062004	33.1
11062005	25.1
11062006	25.0
11062007	28.4
11062008	28.0
11062009	30.0
11062010	30.0
11062011	24.0
11062012	26.0
11062013	28.0
11072000	26.2
11072001	32.0
11072002	33.0
11072003	33.1
11072004	28.0
11072005	30.4
11072006	34.2
11072007	26.7
11072008	31.0
11072009	28.0
11072010	33.0
11072011	31.0
11072012	30.0
11072013	31.0
11082000	32.5
11082001	26.5
11082002	18.3
11082003	39.3
11082004	31.7
11082005	27.0
11082006	26.1
11082007	30.3
11082008	30.0
11082009	32.0
11082010	29.0
11082011	28.0
11082012	31.0
11082013	30.0
11092000	30.0
11092001	25.5
11092002	26.0
11092003	30.0
11092004	27.6
11092005	25.3
11092006	27.5
11092007	29.2
11092008	29.0
11092009	30.0
11092010	26.0
11092011	30.0
11092012	29.0
11092013	23.0
11102000	15.0
11102001	26.6
11102002	19.4
11102003	25.0
11102004	18.6
11102005	20.9
11102006	22.7
11102007	21.0
11102008	24.0
11102009	22.0
11102010	18.0
11102011	27.0
11102012	18.0
11102013	17.0
11112000	11.3
11112001	8.3
11112002	9.0
11112003	10.0
11112004	10.0
11112005	10.7
11112006	12.1
11112007	17.5
11112008	15.0
11112009	15.0
11112010	9.0
11112011	13.0
11112012	12.0
11112013	18.0
11122000	15.4
11122001	5.4
11122002	2.4
11122003	9.0
11122004	12.9
11122005	8.0
11122006	11.0
11122007	6.0
11122008	4.0
11122009	9.0
11122010	11.0
11122011	9.0
11122012	10.0
12012000	5.0
12012001	8.4
12012002	10.0
12012003	5.1
12012004	10.3
12012005	9.0
12012006	8.3
12012007	18.0
12012008	6.6
12012009	5.0
12012010	5.0
12012011	7.0
12012012	9.0
12012013	5.0
12022000	14.1
12022001	15.2
12022002	17.2
12022003	7.0
12022004	11.0
12022005	13.4
12022006	9.1
12022007	8.0
12022008	10.0
12022009	9.0
12022010	10.0
12022011	14.0
12022013	4.0
12032000	17.1
12032001	12.0
12032002	19.5
12032003	20.0
12032004	11.7
12032005	16.0
12032006	9.4
12032007	17.4
12032008	20.1
12032009	15.0
12032010	9.0
12032011	12.0
12032012	17.0
12032013	12.0
12042000	19.5
12042001	20.5
12042002	13.0
12042003	12.6
12042004	13.8
12042005	12.4
12042006	17.0
12042007	24.1
12042008	17.5
12042009	21.0
12042010	16.0
12042011	27.0
12042012	17.0
12042013	17.0
12052000	25.0
12052001	27.3
12052002	24.0
12052003	27.4
12052004	24.0
12052005	22.4
12052006	26.0
12052007	22.0
12052008	24.3
12052009	26.0
12052010	19.0
12052011	28.0
12052012	30.0
12052013	24.0
12062000	30.0
12062001	25.6
12062002	28.2
12062003	36.1
12062004	32.5
12062005	27.0
12062006	27.4
12062007	29.0
12062008	26.0
12062009	31.0
12062010	29.0
12062011	25.0
12062012	23.0
12062013	29.0
12072000	25.6
12072001	31.4
12072002	33.0
12072003	33.0
12072004	25.8
12072005	32.0
12072006	33.9
12072007	29.0
12072008	31.0
12072009	29.0
12072010	33.0
12072011	32.0
12072012	31.0
12072013	30.0
12082000	32.3
12082001	28.0
12082002	29.0
12082003	38.0
12082004	31.5
12082005	28.1
12082006	25.1
12082007	30.0
12082008	27.0
12082009	32.0
12082010	25.0
12082011	28.0
12082012	28.0
12082013	31.0
12092000	30.2
12092001	26.0
12092002	25.8
12092003	29.1
12092004	23.8
12092005	24.2
12092006	26.6
12092007	26.5
12092008	25.0
12092009	28.0
12092010	26.0
12092011	29.0
12092012	25.0
12092013	24.0
12102000	17.0
12102001	26.0
12102002	19.0
12102003	24.2
12102004	13.0
12102005	20.2
12102006	22.5
12102007	22.1
12102008	24.0
12102009	20.0
12102010	19.0
12102011	28.0
12102012	20.0
12102013	15.0
12112000	8.0
12112001	11.4
12112002	13.3
12112003	8.4
12112004	13.4
12112005	9.0
12112006	16.0
12112007	16.0
12112008	12.0
12112009	14.0
12112010	12.0
12112011	12.0
12112012	15.0
12112013	17.0
12122000	10.1
12122001	2.7
12122002	3.0
12122003	13.6
12122004	12.2
12122005	7.1
12122006	10.5
12122007	11.1
12122008	6.0
12122009	9.0
12122010	6.0
12122011	7.0
12122013	1.0
13012000	3.0
13012001	7.4
13012002	9.1
13012003	4.1
13012004	9.5
13012005	9.5
13012006	9.1
13012007	5.0
13012008	7.7
13012009	5.0
13012010	5.0
13012011	8.0
13012012	10.0
13012013	5.0
13022000	13.5
13022001	15.9
13022002	10.0
13022003	6.9
13022004	9.3
13022005	16.8
13022006	9.4
13022007	17.2
13022008	11.3
13022009	8.0
13022010	11.0
13022011	8.0
13022012	1.0
13022013	1.0
13032000	19.9
13032001	20.3
13032002	20.3
13032003	19.2
13032004	14.7
13032005	16.4
13032006	16.0
13032007	21.3
13032008	22.1
13032009	19.0
13032010	12.0
13032011	9.0
13032012	17.0
13032013	11.0
13042000	18.3
13042001	20.5
13042002	18.2
13042003	20.0
13042004	14.0
13042005	20.0
13042006	20.2
13042007	24.0
13042008	17.0
13042009	24.0
13042010	16.0
13042011	19.0
13042012	15.0
13042013	22.0
13052000	26.8
13052001	25.4
13052002	24.5
13052003	28.9
13052004	22.6
13052005	23.4
13052006	25.2
13052007	18.0
13052008	26.0
13052009	26.0
13052010	21.0
13052011	28.0
13052012	22.0
13052013	23.0
13062000	27.4
13062001	27.1
13062002	30.4
13062003	36.6
13062004	24.9
13062005	25.8
13062006	30.4
13062007	28.2
13062008	26.0
13062009	32.0
13062010	28.0
13062011	23.0
13062012	25.0
13062013	30.0
13072000	27.6
13072001	30.5
13072002	27.2
13072003	34.6
13072004	29.0
13072005	30.4
13072006	33.2
13072007	30.5
13072008	29.0
13072009	31.0
13072010	32.0
13072011	29.0
13072012	30.0
13072013	30.0
13082000	29.3
13082001	30.8
13082002	30.0
13082003	38.2
13082004	32.4
13082005	30.6
13082006	23.7
13082007	30.0
13082008	29.0
13082009	33.0
13082010	25.0
13082011	30.0
13082012	29.0
13082013	32.0
13092000	30.1
13092001	24.5
13092002	24.0
13092003	29.0
13092004	24.0
13092005	27.2
13092006	27.0
13092007	27.0
13092008	20.0
13092009	29.0
13092010	24.0
13092011	30.0
13092012	24.0
13092013	25.0
13102000	21.7
13102001	26.0
13102002	20.0
13102003	23.5
13102004	13.2
13102005	21.0
13102006	23.3
13102007	21.2
13102008	23.0
13102009	21.0
13102010	16.0
13102011	24.0
13102012	18.0
13102013	13.0
13112000	9.0
13112001	13.2
13112002	9.3
13112003	13.3
13112004	18.1
13112006	13.5
13112007	12.2
13112008	12.0
13112009	10.0
13112010	12.0
13112011	14.0
13112012	16.0
13112013	15.0
13122000	11.6
13122001	5.6
13122002	7.1
13122003	11.0
13122004	11.1
13122005	8.0
13122006	10.3
13122007	11.1
13122008	6.0
13122010	11.0
13122011	8.0
13122013	8.0
14012000	3.6
14012001	4.3
14012002	8.9
14012003	8.1
14012004	16.0
14012005	3.5
14012006	8.3
14012007	10.0
14012008	8.3
14012009	4.0
14012010	5.0
14012011	4.0
14012012	2.0
14012013	5.0
14022000	15.0
14022001	15.1
14022002	9.0
14022003	7.0
14022004	13.4
14022005	12.5
14022006	9.0
14022007	11.2
14022008	13.2
14022009	7.0
14022010	7.0
14022011	9.0
14022012	5.0
14032000	20.6
14032001	21.3
14032002	16.0
14032003	15.2
14032004	11.0
14032005	16.2
14032006	13.0
14032007	21.8
14032008	20.0
14032009	15.0
14032010	14.0
14032011	14.0
14032012	19.0
14032013	12.0
14042000	18.4
14042001	14.1
14042002	18.8
14042003	21.0
14042004	19.0
14042005	20.7
14042006	23.0
14042007	25.3
14042008	14.0
14042009	24.0
14042010	18.0
14042011	15.0
14042012	14.0
14042013	23.0
14052000	26.4
14052001	22.0
14052002	25.4
14052003	27.0
14052004	25.2
14052005	19.3
14052006	25.8
14052007	25.4
14052008	28.0
14052009	25.0
14052010	18.0
14052011	25.0
14052012	20.0
14052013	23.0
14062000	30.4
14062001	30.0
14062002	33.0
14062003	36.2
14062004	27.4
14062005	21.0
14062006	32.0
14062007	29.2
14062008	20.0
14062009	34.0
14062010	27.0
14062011	26.0
14062012	25.0
14062013	30.0
14072000	26.1
14072001	31.9
14072002	25.0
14072003	26.4
14072004	30.0
14072005	32.0
14072006	33.7
14072007	32.5
14072008	26.0
14072009	32.0
14072010	33.0
14072011	30.0
14072012	29.0
14072013	29.0
14082000	32.9
14082001	33.0
14082002	30.3
14082003	36.0
14082004	32.1
14082005	28.4
14082006	25.3
14082007	29.5
14082008	30.0
14082009	31.0
14082010	20.0
14082011	31.0
14082012	31.0
14082013	25.0
14092000	30.0
14092001	20.2
14092002	25.0
14092003	26.0
14092004	20.6
14092005	28.7
14092006	21.8
14092007	27.0
14092008	17.0
14092009	21.0
14092010	26.0
14092012	25.0
14092013	24.0
14102000	22.0
14102001	25.0
14102002	17.2
14102003	18.4
14102004	15.0
14102005	21.3
14102006	20.4
14102007	19.6
14102008	24.0
14102009	17.0
14102010	19.0
14102011	18.0
14102012	17.0
14102013	15.0
14112000	12.0
14112001	14.3
14112002	13.0
14112003	11.3
14112004	14.0
14112006	16.3
14112007	12.1
14112008	15.0
14112009	11.0
14112010	11.0
14112011	8.0
14112012	14.0
14112013	12.0
14122000	9.6
14122001	2.7
14122002	4.4
14122003	15.0
14122004	9.9
14122005	7.1
14122006	12.3
14122007	8.2
14122008	9.0
14122010	1.0
14122013	12.0
15012000	8.1
15012001	5.0
15012002	5.8
15012003	10.2
15012004	13.0
15012005	3.0
15012006	5.3
15012007	11.0
15012008	8.0
15012009	4.0
15012010	8.0
15012011	4.0
15012012	-1.0
15012013	5.0
15022000	13.2
15022001	14.3
15022002	9.0
15022003	9.4
15022004	13.4
15022005	13.6
15022006	5.0
15022007	16.0
15022008	14.0
15022009	7.0
15022010	4.0
15022011	8.0
15022012	9.0
15022013	7.0
15032000	21.2
15032001	20.1
15032002	18.0
15032003	12.7
15032004	18.1
15032005	19.0
15032006	12.3
15032007	21.9
15032008	18.0
15032009	19.0
15032010	16.0
15032011	12.0
15032012	20.0
15032013	10.0
15042000	18.6
15042001	16.4
15042002	16.0
15042003	19.0
15042004	14.0
15042005	19.8
15042006	17.4
15042007	26.2
15042008	16.2
15042009	24.0
15042010	18.0
15042011	16.0
15042012	12.0
15042013	24.0
15052000	28.0
15052001	16.6
15052002	27.1
15052003	23.6
15052004	24.2
15052005	24.1
15052006	25.1
15052007	23.0
15052008	24.5
15052009	19.0
15052010	18.0
15052011	19.0
15052012	23.0
15052013	21.0
15062000	31.0
15062001	30.2
15062002	33.0
15062003	34.9
15062004	30.5
15062005	27.9
15062006	31.1
15062007	26.4
15062008	16.0
15062009	33.0
15062010	24.0
15062011	28.0
15062012	28.0
15062013	30.0
15072000	28.9
15072001	29.6
15072002	22.0
15072003	31.3
15072004	33.0
15072005	32.0
15072006	33.1
15072007	35.0
15072008	29.0
15072009	32.0
15072010	33.0
15072011	29.0
15072012	30.0
15072013	31.0
15082000	33.5
15082001	33.8
15082002	30.4
15082003	33.6
15082004	30.6
15082005	29.4
15082006	27.0
15082007	31.7
15082008	25.0
15082009	32.0
15082010	25.0
15082011	30.0
15082012	33.0
15082013	27.0
15092000	30.6
15092001	24.9
15092002	27.0
15092003	26.4
15092004	25.1
15092005	30.0
15092006	24.1
15092007	28.2
15092008	18.0
15092009	19.0
15092010	27.0
15092011	30.0
15092012	25.0
15092013	19.0
15102000	19.0
15102001	23.4
15102002	18.1
15102003	18.1
15102004	14.0
15102005	20.4
15102006	21.0
15102007	20.6
15102008	24.0
15102009	14.0
15102010	18.0
15102011	15.0
15102012	14.0
15102013	16.0
15112000	10.6
15112001	11.0
15112002	16.0
15112003	12.0
15112004	10.3
15112006	13.0
15112007	11.7
15112008	16.0
15112009	11.0
15112010	12.0
15112011	6.0
15112012	12.0
15112013	9.0
15122000	10.1
15122001	3.9
15122002	6.0
15122003	14.3
15122004	8.4
15122005	7.5
15122006	11.3
15122007	4.1
15122008	10.0
15122009	6.0
15122010	-2.0
15122011	5.0
15122012	2.0
15122013	8.0
16012000	5.2
16012001	5.9
16012002	5.0
16012003	10.0
16012004	12.8
16012005	4.3
16012006	6.0
16012007	6.8
16012008	7.0
16012010	4.0
16012011	4.0
16012012	1.0
16012013	6.0
16022000	10.9
16022001	16.1
16022002	6.0
16022003	6.4
16022004	13.0
16022005	9.2
16022006	6.0
16022007	12.3
16022008	8.1
16022009	10.0
16022010	5.0
16022011	7.0
16022012	8.0
16022013	8.0
16032000	23.0
16032001	15.6
16032002	19.5
16032003	15.3
16032004	21.8
16032005	20.4
16032006	10.5
16032007	21.0
16032008	17.1
16032009	17.0
16032010	18.0
16032011	12.0
16032012	19.0
16032013	9.0
16042000	16.5
16042001	17.6
16042002	15.3
16042003	22.8
16042004	11.0
16042005	13.0
16042006	20.3
16042007	25.6
16042008	19.6
16042009	15.0
16042010	19.0
16042011	18.0
16042012	15.0
16042013	24.0
16052000	28.5
16052001	21.4
16052002	28.7
16052003	25.0
16052004	30.0
16052005	21.8
16052006	26.5
16052007	23.5
16052008	23.0
16052009	24.0
16052010	23.0
16052011	25.0
16052012	20.0
16052013	16.0
16062000	31.6
16062001	28.6
16062002	34.0
16062003	33.0
16062004	32.6
16062005	31.4
16062006	27.3
16062007	28.4
16062008	16.0
16062009	33.0
16062010	21.0
16062011	29.0
16062012	29.0
16062013	31.0
16072000	27.3
16072001	28.3
16072002	25.7
16072003	32.2
16072004	31.7
16072005	32.0
16072006	29.4
16072007	34.4
16072008	30.0
16072009	34.0
16072010	34.0
16072011	28.0
16072012	28.0
16072013	30.0
16082000	33.0
16082001	34.6
16082002	30.6
16082003	34.4
16082004	30.4
16082005	30.3
16082006	20.3
16082007	31.6
16082008	27.0
16082009	33.0
16082010	24.0
16082011	31.0
16082012	32.0
16082013	28.0
16092000	28.7
16092001	24.6
16092002	24.0
16092003	27.7
16092004	20.4
16092005	28.0
16092006	25.2
16092007	28.3
16092008	27.0
16092009	19.0
16092010	26.0
16092011	29.0
16092012	25.0
16092013	22.0
16102000	17.2
16102001	21.4
16102002	19.4
16102003	18.0
16102004	16.0
16102005	21.4
16102006	21.1
16102007	20.3
16102008	21.0
16102009	15.0
16102010	14.0
16102011	17.0
16102012	19.0
16102013	22.0
16112000	10.7
16112001	12.6
16112002	17.2
16112003	9.2
16112004	13.0
16112006	13.2
16112007	11.1
16112008	15.0
16112009	12.0
16112010	12.0
16112011	8.0
16112012	12.0
16112013	13.0
16122000	13.3
16122001	5.3
16122002	6.6
16122003	12.2
16122004	7.1
16122005	9.7
16122006	7.3
16122007	8.0
16122008	9.0
16122010	-1.0
16122011	6.0
16122012	2.0
16122013	9.0
17012000	13.0
17012001	3.0
17012002	4.9
17012003	7.5
17012004	10.0
17012005	2.1
17012006	3.0
17012007	7.4
17012008	12.6
17012009	2.0
17012010	6.0
17012011	3.0
17012012	1.0
17012013	5.0
17022000	13.6
17022001	11.6
17022002	9.1
17022003	7.7
17022004	12.1
17022005	10.8
17022006	7.6
17022007	10.8
17022008	3.4
17022009	13.0
17022010	6.0
17022011	10.0
17022012	10.0
17022013	9.0
17032000	21.0
17032001	11.3
17032002	18.4
17032003	16.3
17032004	23.0
17032005	22.2
17032006	14.0
17032007	21.3
17032008	20.2
17032009	17.0
17032010	15.0
17032011	11.0
17032012	17.0
17032013	5.0
17042000	12.0
17042001	19.6
17042002	20.0
17042003	22.5
17042004	17.9
17042005	14.3
17042006	16.5
17042007	24.0
17042008	15.6
17042009	20.0
17042010	17.0
17042011	19.0
17042012	17.0
17042013	24.0
17052000	29.1
17052001	22.5
17052002	29.3
17052003	23.4
17052004	26.0
17052005	23.5
17052006	27.6
17052007	24.0
17052008	19.2
17052009	27.0
17052010	23.0
17052011	24.0
17052012	20.0
17052013	21.0
17062000	28.6
17062001	30.0
17062002	34.4
17062003	28.1
17062004	29.8
17062005	31.4
17062006	30.3
17062007	27.5
17062008	19.0
17062009	27.0
17062010	22.0
17062011	26.0
17062012	31.0
17062013	33.0
17072000	28.3
17072001	28.9
17072002	29.3
17072003	35.0
17072004	33.0
17072005	33.0
17072006	30.0
17072007	34.4
17072008	28.0
17072009	32.0
17072010	34.0
17072011	29.0
17072012	31.0
17072013	29.0
17082000	34.1
17082001	33.4
17082002	31.5
17082003	34.7
17082004	31.1
17082005	32.1
17082006	26.4
17082007	30.1
17082008	28.0
17082009	34.0
17082010	27.0
17082011	32.0
17082012	33.0
17082013	31.0
17092000	28.9
17092001	24.0
17092002	26.0
17092003	29.0
17092004	25.2
17092005	24.4
17092006	23.9
17092007	27.0
17092008	23.0
17092009	25.0
17092010	24.0
17092011	29.0
17092012	25.0
17092013	23.0
17102000	18.4
17102001	22.3
17102002	22.0
17102003	15.0
17102004	19.4
17102005	17.1
17102006	18.7
17102007	19.0
17102008	25.0
17102009	14.0
17102010	10.0
17102011	16.0
17102012	15.0
17102013	20.0
17112000	12.2
17112001	13.0
17112002	14.7
17112003	13.3
17112004	13.0
17112006	13.0
17112007	9.5
17112008	15.0
17112009	14.0
17112010	15.0
17112011	5.0
17112012	10.0
17112013	12.0
17122000	9.4
17122001	4.4
17122002	8.0
17122003	9.0
17122004	8.0
17122005	12.0
17122006	8.2
17122007	4.6
17122008	9.0
17122009	3.0
17122010	-2.0
17122011	10.0
17122012	2.0
17122013	9.0
18012000	21.7
18012001	4.2
18012002	0.1
18012003	3.3
18012004	6.0
18012005	1.0
18012006	5.1
18012007	7.0
18012008	12.0
18012009	2.0
18012010	6.0
18012011	2.0
18012012	-1.0
18022000	14.2
18022001	16.0
18022002	12.3
18022003	8.2
18022004	12.0
18022005	11.0
18022006	8.0
18022007	10.4
18022008	9.2
18022009	8.0
18022010	11.0
18022011	13.0
18022012	8.0
18022013	8.0
18032000	16.1
18032001	17.5
18032002	21.0
18032003	18.4
18032004	23.4
18032005	25.4
18032006	12.2
18032007	19.0
18032008	20.5
18032009	18.0
18032010	16.0
18032011	20.0
18032012	15.0
18032013	5.0
18042000	12.2
18042001	15.8
18042002	22.0
18042003	24.0
18042004	18.0
18042005	19.5
18042006	21.4
18042007	27.0
18042008	14.4
18042009	19.0
18042010	15.0
18042011	20.0
18042012	14.0
18042013	26.0
18052000	27.0
18052001	25.8
18052002	25.0
18052003	27.6
18052004	27.4
18052005	21.4
18052006	26.2
18052007	26.4
18052008	18.5
18052009	29.0
18052010	23.0
18052011	25.0
18052012	20.0
18052013	19.0
18062000	28.0
18062001	27.8
18062003	32.4
18062004	33.3
18062005	33.5
18062006	30.6
18062007	26.1
18062008	26.0
18062009	31.0
18062010	25.0
18062011	27.0
18062012	33.0
18062013	35.0
18072000	29.4
18072001	26.8
18072002	30.1
18072003	33.1
18072004	33.3
18072005	31.5
18072006	32.0
18072007	35.2
18072008	23.0
18072009	28.0
18072010	31.0
18072011	27.0
18072012	33.0
18072013	29.0
18082000	33.1
18082001	33.0
18082002	30.2
18082003	33.4
18082004	31.0
18082005	29.4
18082006	29.1
18082007	29.0
18082008	29.0
18082009	36.0
18082010	27.0
18082011	34.0
18082012	34.0
18082013	32.0
18092000	25.3
18092001	22.2
18092002	27.0
18092003	30.0
18092004	25.7
18092005	17.8
18092006	24.6
18092007	25.9
18092008	23.0
18092009	27.0
18092010	21.0
18092011	22.0
18092012	25.0
18092013	20.0
18102000	20.3
18102001	21.1
18102002	22.0
18102003	12.0
18102004	15.3
18102005	15.5
18102006	18.0
18102007	20.0
18102008	15.0
18102009	16.0
18102010	16.0
18102011	17.0
18102012	18.0
18102013	19.0
18112000	15.5
18112001	11.4
18112002	11.4
18112003	12.9
18112004	16.0
18112006	14.2
18112007	9.0
18112008	10.0
18112009	14.0
18112010	10.0
18112011	6.0
18112012	10.0
18112013	11.0
18122000	10.0
18122001	4.8
18122002	9.5
18122003	6.5
18122004	12.0
18122005	9.1
18122006	8.1
18122007	4.4
18122008	10.0
18122009	1.0
18122010	1.0
18122011	7.0
18122012	2.0
18122013	8.0
19012000	13.8
19012001	7.3
19012002	3.4
19012003	4.5
19012004	11.0
19012005	6.5
19012006	8.2
19012007	20.3
19012008	11.0
19012009	2.0
19012011	2.0
19012012	2.0
19012013	2.0
19022001	14.0
19022002	16.5
19022003	9.0
19022004	4.0
19022005	6.2
19022006	9.0
19022007	12.1
19022008	13.1
19022010	8.0
19022011	14.0
19022012	8.0
19022013	9.0
19032000	17.7
19032001	20.6
19032002	20.4
19032003	17.1
19032004	19.7
19032005	27.0
19032006	12.0
19032007	17.4
19032008	13.1
19032009	17.0
19032010	16.0
19032011	17.0
19032012	15.0
19032013	15.0
19042000	21.0
19042001	17.1
19042002	20.6
19042003	13.0
19042004	12.3
19042005	16.8
19042006	22.6
19042007	22.5
19042008	19.4
19042009	15.0
19042010	22.0
19042011	22.0
19042012	13.0
19042013	25.0
19052000	28.2
19052001	24.6
19052002	27.2
19052003	28.3
19052004	30.0
19052005	25.3
19052006	27.8
19052007	27.6
19052008	21.5
19052009	29.0
19052010	22.0
19052011	27.0
19052012	20.0
19052013	19.0
19062000	30.5
19062001	30.2
19062003	32.9
19062004	30.2
19062005	32.0
19062006	31.1
19062007	30.7
19062008	29.0
19062009	33.0
19062010	24.0
19062011	28.0
19062012	33.0
19062013	34.0
19072000	30.4
19072001	29.6
19072002	29.0
19072003	33.1
19072004	34.0
19072005	32.0
19072006	33.7
19072007	35.8
19072008	29.0
19072009	29.0
19072010	30.0
19072011	25.0
19072012	31.0
19072013	30.0
19082000	34.3
19082001	33.3
19082002	31.3
19082003	35.3
19082004	33.0
19082005	32.0
19082006	26.5
19082007	30.1
19082008	29.0
19082009	35.0
19082010	29.0
19082011	34.0
19082012	34.0
19082013	30.0
19092000	24.7
19092001	21.2
19092002	22.0
19092003	31.5
19092004	26.0
19092005	20.1
19092006	28.0
19092007	24.0
19092008	23.0
19092009	27.0
19092010	22.0
19092011	22.0
19092012	23.0
19092013	25.0
19102000	19.0
19102001	20.8
19102002	22.6
19102003	17.3
19102004	13.1
19102005	15.0
19102006	14.0
19102007	19.4
19102008	21.0
19102009	15.0
19102010	18.0
19102011	13.0
19102012	19.0
19102013	17.0
19112000	14.0
19112001	9.0
19112002	10.0
19112003	9.3
19112004	17.3
19112006	14.0
19112007	6.3
19112008	12.0
19112009	13.0
19112010	13.0
19112011	7.0
19112012	11.0
19112013	11.0
19122000	9.5
19122001	3.1
19122002	5.3
19122003	7.0
19122004	5.5
19122005	3.0
19122006	8.1
19122007	5.3
19122008	11.0
19122009	-1.0
19122011	8.0
19122013	4.0
20012000	10.8
20012001	11.0
20012002	9.6
20012003	8.8
20012004	13.0
20012005	9.1
20012006	7.0
20012007	11.0
20012008	5.0
20012009	2.0
20012011	5.0
20012012	15.0
20012013	2.0
20022001	11.6
20022002	15.4
20022003	10.2
20022004	3.0
20022005	3.2
20022006	7.0
20022007	15.7
20022008	11.4
20022009	8.0
20022010	14.0
20022011	8.0
20022012	5.0
20022013	8.0
20032000	14.5
20032001	21.1
20032002	27.0
20032003	20.2
20032004	18.6
20032005	17.7
20032006	14.0
20032007	7.5
20032008	16.4
20032009	11.0
20032010	13.0
20032011	15.0
20032012	18.0
20032013	8.0
20042000	25.3
20042001	14.5
20042002	19.5
20042003	16.0
20042004	20.5
20042005	15.5
20042006	23.0
20042007	25.1
20042008	21.1
20042009	16.0
20042010	24.0
20042011	23.0
20042012	16.0
20042013	15.0
20052000	26.4
20052001	23.7
20052002	26.3
20052003	25.8
20052004	29.0
20052005	26.4
20052006	25.1
20052007	30.0
20052008	21.0
20052009	30.0
20052010	24.0
20052011	29.0
20052012	18.0
20052013	20.0
20062000	33.0
20062001	28.7
20062003	35.6
20062004	23.0
20062005	31.5
20062006	32.2
20062007	32.8
20062008	31.0
20062009	26.0
20062010	16.0
20062011	26.0
20062012	30.0
20062013	31.0
20072000	29.3
20072001	27.8
20072002	31.0
20072003	34.2
20072004	33.4
20072005	32.4
20072006	35.6
20072007	36.5
20072008	27.0
20072009	29.0
20072010	31.0
20072011	28.0
20072012	29.0
20072013	31.0
20082000	35.0
20082001	30.9
20082002	31.1
20082003	34.6
20082004	32.6
20082005	26.1
20082006	29.1
20082007	22.9
20082008	31.0
20082009	35.0
20082010	27.0
20082011	34.0
20082012	35.0
20082013	28.0
20092000	24.1
20092001	21.8
20092002	27.1
20092003	32.0
20092004	27.2
20092005	24.1
20092006	27.1
20092007	22.0
20092008	21.0
20092009	27.0
20092010	24.0
20092011	25.0
20092012	22.0
20102000	19.6
20102001	18.0
20102002	18.8
20102003	12.0
20102004	14.0
20102005	14.3
20102006	15.1
20102007	14.8
20102008	21.0
20102010	19.0
20102011	17.0
20102012	22.0
20102013	16.0
20112000	9.0
20112001	10.9
20112002	11.2
20112003	9.4
20112004	12.6
20112006	14.0
20112007	9.4
20112008	14.0
20112009	13.0
20112010	9.0
20112011	6.0
20112012	15.0
20112013	13.0
20122000	7.0
20122001	5.7
20122002	5.4
20122003	6.0
20122004	9.5
20122005	7.0
20122006	9.1
20122007	7.1
20122008	10.0
20122009	-3.0
20122010	2.0
20122013	5.0
21012000	19.4
21012001	11.2
21012002	11.1
21012003	4.3
21012004	10.0
21012005	19.1
21012006	5.9
21012007	11.4
21012008	8.1
21012009	5.0
21012011	6.0
21012012	8.0
21012013	5.0
21022000	12.0
21022001	13.5
21022002	14.6
21022003	12.1
21022004	3.0
21022005	2.3
21022006	9.0
21022007	10.5
21022008	13.3
21022009	12.0
21022010	9.0
21022011	9.0
21022012	10.0
21022013	4.0
21032000	18.0
21032001	15.0
21032002	27.0
21032003	17.3
21032004	17.0
21032005	16.3
21032006	10.0
21032007	15.7
21032008	13.3
21032010	12.0
21032011	12.0
21032012	21.0
21032013	17.0
21042000	28.0
21042001	10.0
21042002	21.8
21042003	18.0
21042004	22.5
21042005	20.0
21042006	24.0
21042007	24.1
21042008	13.1
21042009	20.0
21042010	24.0
21042011	24.0
21042012	18.0
21042013	17.0
21052000	23.5
21052001	16.2
21052002	26.5
21052003	27.0
21052004	27.4
21052005	27.1
21052006	24.7
21052007	32.0
21052008	23.0
21052009	31.0
21052010	27.0
21052011	29.0
21052012	14.0
21052013	20.0
21062000	32.9
21062001	31.6
21062003	35.2
21062004	28.6
21062005	32.5
21062006	34.1
21062007	31.0
21062008	32.0
21062009	25.0
21062010	25.0
21062011	29.0
21062012	31.0
21062013	29.0
21072000	30.0
21072001	30.3
21072002	30.0
21072003	35.3
21072004	34.3
21072005	34.0
21072006	36.6
21072007	35.2
21072008	28.0
21072009	30.0
21072010	33.0
21072011	27.0
21072012	29.0
21072013	32.0
21082000	31.0
21082001	32.6
21082002	28.0
21082003	33.5
21082004	30.8
21082005	22.8
21082006	28.4
21082007	19.4
21082008	31.0
21082009	34.0
21082010	31.0
21082011	36.0
21082012	36.0
21082013	28.0
21092000	25.4
21092001	24.0
21092002	25.0
21092003	31.1
21092004	26.1
21092005	23.6
21092006	27.2
21092007	23.7
21092008	20.0
21092009	26.0
21092010	24.0
21092011	27.0
21092012	22.0
21092013	24.0
21102000	18.5
21102001	21.4
21102002	14.0
21102003	18.0
21102004	17.0
21102005	17.6
21102006	16.1
21102007	14.8
21102008	20.0
21102009	11.0
21102010	16.0
21102011	15.0
21102012	22.0
21102013	16.0
21112000	12.9
21112001	4.7
21112002	11.0
21112003	10.3
21112004	10.7
21112006	11.2
21112007	6.6
21112008	15.0
21112009	11.0
21112010	8.0
21112011	7.0
21112012	13.0
21112013	8.0
21122000	6.5
21122001	4.1
21122002	6.2
21122003	6.4
21122004	7.6
21122005	6.0
21122006	9.5
21122007	9.7
21122008	9.0
21122009	-2.0
21122010	2.0
21122012	5.0
21122013	6.0
22012000	7.5
22012001	6.3
22012002	4.2
22012003	5.6
22012004	7.0
22012005	13.1
22012006	10.4
22012007	9.0
22012008	15.2
22012009	7.0
22012010	2.0
22012011	5.0
22012012	14.0
22012013	8.0
22022000	11.7
22022001	21.0
22022002	13.3
22022003	10.9
22022004	5.0
22022005	4.0
22022006	9.0
22022007	16.3
22022008	13.5
22022009	11.0
22022010	6.0
22022011	6.0
22022012	12.0
22032000	21.0
22032001	23.0
22032002	23.8
22032003	15.0
22032004	20.8
22032005	17.0
22032006	16.2
22032007	13.4
22032008	17.0
22032009	13.0
22032010	12.0
22032011	15.0
22032012	21.0
22032013	15.0
22042000	28.0
22042001	17.1
22042002	23.5
22042003	23.3
22042004	23.7
22042005	17.0
22042006	25.4
22042007	26.0
22042008	17.6
22042009	25.0
22042010	20.0
22042011	23.0
22042012	20.0
22042013	13.0
22052000	28.0
22052001	24.1
22052002	26.0
22052003	27.0
22052004	24.7
22052005	27.4
22052006	26.1
22052007	33.7
22052008	20.6
22052009	31.0
22052010	27.0
22052011	29.0
22052012	21.0
22052013	23.0
22062000	32.2
22062001	29.7
22062002	35.5
22062003	34.0
22062004	27.0
22062005	34.6
22062006	33.5
22062007	30.2
22062008	33.0
22062009	26.0
22062010	25.0
22062011	28.0
22062012	33.0
22062013	28.0
22072000	30.4
22072001	31.2
22072002	31.3
22072003	35.0
22072004	35.5
22072005	32.0
22072006	36.1
22072007	33.4
22072008	27.0
22072009	31.0
22072010	33.0
22072011	28.0
22072012	26.0
22072013	32.0
22082000	33.3
22082001	33.1
22082002	27.2
22082003	35.0
22082004	29.6
22082005	22.2
22082006	29.0
22082007	23.1
22082008	30.0
22082009	33.0
22082010	32.0
22082011	36.0
22082012	37.0
22082013	29.0
22092000	27.2
22092001	19.3
22092002	24.1
22092003	30.0
22092004	28.0
22092005	24.4
22092006	27.5
22092007	25.1
22092008	21.0
22092009	28.0
22092010	26.0
22092011	28.0
22092012	22.0
22092013	24.0
22102000	19.0
22102001	22.5
22102002	16.0
22102003	15.5
22102004	18.2
22102005	19.1
22102006	18.0
22102007	17.3
22102008	19.0
22102009	16.0
22102010	14.0
22102011	14.0
22102012	21.0
22102013	15.0
22112000	12.1
22112001	8.9
22112002	11.2
22112003	11.0
22112004	9.0
22112006	16.0
22112007	8.0
22112008	12.0
22112009	10.0
22112010	10.0
22112011	9.0
22112012	12.0
22112013	8.0
22122000	7.6
22122001	6.1
22122002	6.1
22122003	7.0
22122004	6.0
22122005	8.2
22122006	10.3
22122007	8.0
22122008	4.0
22122009	1.0
22122010	3.0
22122011	7.0
22122013	7.0
23012000	11.3
23012001	6.3
23012002	4.0
23012003	4.3
23012004	5.0
23012005	6.2
23012006	7.1
23012007	10.0
23012008	11.6
23012009	3.0
23012010	3.0
23012012	8.0
23012013	6.0
23022000	11.3
23022001	20.1
23022002	15.2
23022003	9.3
23022004	6.3
23022005	7.3
23022006	13.0
23022007	16.0
23022008	15.5
23022009	8.0
23022010	9.0
23022011	8.0
23022012	14.0
23022013	4.0
23032000	18.4
23032001	23.0
23032002	17.5
23032003	14.4
23032004	7.1
23032005	18.1
23032006	17.5
23032007	12.7
23032008	9.7
23032009	20.0
23032010	18.0
23032011	18.0
23032012	21.0
23032013	13.0
23042000	24.0
23042001	15.8
23042002	24.0
23042003	24.2
23042004	26.0
23042005	16.4
23042006	25.5
23042007	27.6
23042008	25.0
23042009	22.0
23042010	16.0
23042011	19.0
23042012	15.0
23042013	20.0
23052000	26.0
23052001	24.6
23052002	20.1
23052003	28.6
23052004	23.7
23052005	21.0
23052006	23.7
23052007	33.3
23052008	24.5
23052009	32.0
23052010	28.0
23052011	30.0
23052012	27.0
23052013	23.0
23062000	30.7
23062001	32.0
23062002	36.1
23062003	34.7
23062004	28.9
23062005	35.0
23062006	32.0
23062007	30.7
23062008	33.0
23062009	28.0
23062010	27.0
23062011	26.0
23062012	30.0
23062013	29.0
23072000	30.4
23072001	32.8
23072002	30.4
23072003	34.6
23072004	35.2
23072005	28.4
23072006	35.0
23072007	32.7
23072008	28.0
23072009	32.0
23072010	31.0
23072011	25.0
23072012	27.0
23072013	33.0
23082000	34.0
23082001	35.0
23082002	26.3
23082003	36.3
23082004	30.1
23082005	27.3
23082006	28.7
23082007	25.0
23082008	30.0
23082009	31.0
23082010	31.0
23082011	36.0
23082012	34.0
23082013	29.0
23092000	25.4
23092001	16.2
23092002	17.0
23092003	25.3
23092004	30.1
23092005	24.6
23092006	23.3
23092007	27.0
23092008	19.0
23092009	28.0
23092010	24.0
23092011	26.0
23092012	22.0
23092013	25.0
23102000	18.5
23102001	19.0
23102002	19.5
23102003	12.0
23102004	22.0
23102005	18.0
23102006	16.0
23102007	19.0
23102008	20.0
23102009	14.0
23102010	12.0
23102011	14.0
23102012	22.0
23102013	17.0
23112000	10.3
23112001	12.0
23112002	11.3
23112003	12.0
23112004	13.5
23112006	12.7
23112007	9.0
23112008	11.0
23112009	11.0
23112010	7.0
23112011	13.0
23112012	14.0
23112013	6.0
23122000	5.0
23122001	9.9
23122002	8.4
23122003	8.0
23122004	7.3
23122005	6.3
23122006	8.2
23122007	5.0
23122008	5.0
23122009	5.0
23122010	5.0
23122011	7.0
23122013	8.0
24012000	5.2
24012001	6.3
24012002	5.0
24012003	11.0
24012004	4.5
24012005	7.0
24012006	4.2
24012007	8.5
24012008	11.1
24012009	3.0
24012010	2.0
24012011	6.0
24012012	13.0
24012013	9.0
24022000	12.7
24022001	10.0
24022002	14.7
24022003	12.4
24022004	8.0
24022005	6.3
24022006	8.6
24022007	11.4
24022008	15.1
24022009	8.0
24022010	12.0
24022011	9.0
24022012	18.0
24022013	2.0
24032000	14.0
24032001	19.1
24032002	18.2
24032003	20.4
24032004	15.2
24032005	15.4
24032006	11.0
24032007	14.5
24032008	14.2
24032009	14.0
24032010	19.0
24032011	21.0
24032012	22.0
24032013	9.0
24042000	21.0
24042001	22.4
24042002	24.3
24042003	27.0
24042004	27.5
24042005	12.2
24042006	25.5
24042007	29.7
24042008	20.7
24042009	17.0
24042010	20.0
24042011	24.0
24042012	18.0
24042013	21.0
24052000	27.6
24052001	26.6
24052002	26.4
24052003	28.7
24052004	23.0
24052005	27.1
24052006	25.0
24052007	33.0
24052008	20.5
24052009	35.0
24052010	28.0
24052011	31.0
24052012	30.0
24052013	13.0
24062000	29.3
24062001	33.3
24062002	36.0
24062003	34.5
24062004	30.8
24062005	33.8
24062006	34.0
24062007	29.9
24062008	33.0
24062009	29.0
24062010	28.0
24062011	28.0
24062012	30.0
24062013	27.0
24072000	26.0
24072001	32.0
24072002	32.0
24072003	27.0
24072004	27.4
24072005	30.5
24072006	34.0
24072007	33.1
24072008	30.0
24072009	33.0
24072010	31.0
24072011	26.0
24072012	30.0
24072013	32.0
24082000	33.2
24082001	34.7
24082002	30.0
24082003	36.0
24082004	27.6
24082005	29.8
24082006	27.0
24082007	27.4
24082008	27.0
24082009	31.0
24082010	30.0
24082011	35.0
24082012	34.0
24082013	29.0
24092000	23.8
24092001	19.0
24092002	18.0
24092003	22.2
24092004	26.0
24092005	26.1
24092006	23.6
24092007	26.4
24092008	21.0
24092009	28.0
24092010	22.0
24092011	27.0
24092012	21.0
24092013	26.0
24102000	20.2
24102001	20.2
24102002	19.5
24102003	13.8
24102004	19.2
24102005	19.6
24102006	20.2
24102007	11.0
24102008	20.0
24102009	20.0
24102010	11.0
24102011	12.0
24102012	19.0
24102013	19.0
24112000	10.0
24112001	11.4
24112002	10.6
24112003	12.5
24112004	11.0
24112006	11.0
24112007	12.0
24112008	4.0
24112009	11.0
24112010	10.0
24112011	12.0
24112012	13.0
24112013	13.0
24122000	0.3
24122001	6.0
24122002	8.2
24122003	8.1
24122004	3.2
24122005	7.0
24122006	10.3
24122007	4.2
24122008	3.0
24122009	4.0
24122010	8.0
24122011	7.0
24122012	4.0
24122013	7.0
25012000	4.6
25012001	6.3
25012002	11.0
25012003	13.2
25012004	8.6
25012005	7.9
25012006	5.0
25012007	5.0
25012008	10.0
25012009	8.0
25012010	3.0
25012012	10.0
25012013	6.0
25022000	12.9
25022001	7.4
25022002	16.1
25022003	14.7
25022004	4.3
25022005	8.0
25022006	8.1
25022007	10.0
25022008	15.0
25022009	11.0
25022010	14.0
25022011	8.0
25022012	20.0
25022013	4.0
25032000	16.3
25032001	21.2
25032002	16.2
25032003	21.0
25032004	14.4
25032005	17.1
25032006	16.4
25032007	8.9
25032008	14.6
25032009	16.0
25032010	17.0
25032011	20.0
25032012	21.0
25032013	7.0
25042000	24.7
25042001	16.0
25042002	22.2
25042003	23.9
25042004	22.1
25042005	17.1
25042006	21.5
25042007	26.0
25042008	24.0
25042009	21.0
25042010	24.0
25042011	22.0
25042012	18.0
25042013	23.0
25052000	30.1
25052001	28.0
25052002	27.0
25052003	29.4
25052004	24.6
25052005	28.6
25052006	23.7
25052007	32.8
25052008	22.0
25052009	35.0
25052010	28.0
25052011	31.0
25052012	26.0
25052013	12.0
25062000	28.1
25062001	33.0
25062002	29.0
25062003	35.7
25062004	32.9
25062005	33.1
25062006	31.4
25062007	30.7
25062008	33.0
25062009	39.0
25062010	28.0
25062011	27.0
25062012	31.0
25062013	28.0
25072000	30.3
25072001	31.9
25072002	30.2
25072003	32.0
25072004	31.3
25072005	31.7
25072006	34.9
25072007	32.7
25072008	31.0
25072009	32.0
25072010	29.0
25072011	25.0
25072012	32.0
25072013	32.0
25082000	34.5
25082001	33.7
25082002	29.2
25082003	32.0
25082004	29.4
25082005	29.0
25082006	25.9
25082007	30.2
25082008	28.0
25082009	31.0
25082010	30.0
25082011	35.0
25082012	33.0
25082013	26.0
25092000	25.2
25092001	21.8
25092002	15.0
25092003	23.3
25092004	24.7
25092005	26.2
25092006	19.4
25092007	23.0
25092008	22.0
25092009	27.0
25092010	19.0
25092011	26.0
25092012	23.0
25092013	24.0
25102000	17.3
25102001	19.5
25102002	15.2
25102003	14.1
25102004	17.3
25102005	19.4
25102006	22.6
25102007	14.0
25102008	21.0
25102009	22.0
25102010	11.0
25102011	10.0
25102012	18.0
25102013	19.0
25112000	12.2
25112001	10.7
25112002	12.0
25112003	13.3
25112004	10.1
25112006	11.0
25112007	13.3
25112008	8.0
25112009	9.0
25112010	9.0
25112011	11.0
25112012	13.0
25112013	12.0
25122000	2.0
25122001	8.2
25122002	9.6
25122003	7.7
25122004	3.4
25122005	5.0
25122006	10.0
25122007	6.0
25122008	7.0
25122009	8.0
25122010	7.0
25122011	9.0
25122012	5.0
25122013	11.0
26012000	4.9
26012001	9.0
26012002	11.4
26012003	11.2
26012004	3.5
26012005	7.4
26012006	1.8
26012007	4.0
26012008	12.0
26012009	8.0
26012010	5.0
26012011	6.0
26012012	6.0
26012013	6.0
26022000	12.2
26022001	10.6
26022002	10.3
26022003	13.9
26022004	7.0
26022005	9.0
26022006	10.6
26022007	14.4
26022008	11.6
26022009	13.0
26022010	13.0
26022011	8.0
26022012	20.0
26022013	11.0
26032000	15.3
26032001	22.1
26032002	17.0
26032003	21.4
26032004	12.7
26032005	16.0
26032006	19.1
26032007	16.1
26032008	16.1
26032009	19.0
26032010	17.0
26032011	18.0
26032012	23.0
26032013	6.0
26042000	23.7
26042001	23.1
26042002	25.1
26042003	22.2
26042004	21.4
26042005	23.8
26042006	23.4
26042007	24.0
26042008	21.9
26042009	14.0
26042010	26.0
26042011	23.0
26042012	19.0
26042013	20.0
26052000	30.0
26052001	28.9
26052003	25.9
26052004	26.2
26052005	29.1
26052006	26.4
26052007	27.1
26052008	25.0
26052009	34.0
26052010	26.0
26052011	30.0
26052012	24.0
26052013	20.0
26062000	28.4
26062001	32.8
26062002	29.3
26062003	36.0
26062004	30.4
26062005	35.6
26062006	33.3
26062007	28.6
26062008	33.0
26062009	28.0
26062010	30.0
26062011	31.0
26062012	30.0
26062013	26.0
26072000	31.3
26072001	33.9
26072002	29.2
26072003	34.0
26072004	30.1
26072005	33.0
26072006	35.0
26072007	33.2
26072008	32.0
26072009	30.0
26072010	28.0
26072011	25.0
26072012	32.0
26072013	34.0
26082000	32.2
26082001	35.9
26082002	26.4
26082003	33.0
26082004	30.5
26082005	29.0
26082006	27.0
26082007	32.1
26082008	29.0
26082009	32.0
26082010	31.0
26082011	34.0
26082012	32.0
26082013	24.0
26092000	26.0
26092001	24.3
26092002	21.6
26092003	20.0
26092004	24.0
26092005	26.6
26092006	23.0
26092007	18.0
26092008	21.0
26092009	24.0
26092010	22.0
26092011	27.0
26092012	22.0
26092013	26.0
26102000	18.5
26102001	16.5
26102002	21.2
26102003	11.5
26102004	19.0
26102005	22.2
26102006	22.2
26102007	13.0
26102008	18.0
26102009	21.0
26102010	13.0
26102011	13.0
26102012	14.0
26102013	22.0
26112000	12.6
26112001	12.0
26112002	12.2
26112003	13.1
26112004	10.1
26112006	16.2
26112007	15.1
26112008	11.0
26112009	9.0
26112010	4.0
26112011	9.0
26112012	11.0
26112013	8.0
26122000	4.8
26122001	6.6
26122002	9.3
26122003	8.1
26122004	4.0
26122005	6.0
26122006	7.4
26122007	7.2
26122008	6.0
26122009	6.0
26122010	6.0
26122011	9.0
26122012	7.0
26122013	12.0
27012000	9.0
27012001	7.5
27012002	12.8
27012003	11.5
27012004	4.8
27012005	6.5
27012006	2.0
27012007	8.0
27012008	17.0
27012009	8.0
27012010	6.0
27012011	6.0
27012012	6.0
27022000	15.9
27022001	5.8
27022002	9.0
27022003	10.3
27022004	5.1
27022005	7.0
27022006	9.0
27022007	19.0
27022008	15.3
27022009	15.0
27022010	14.0
27022011	5.0
27022012	16.0
27022013	7.0
27032000	9.5
27032001	20.7
27032002	14.1
27032003	20.6
27032004	10.5
27032005	13.2
27032006	15.3
27032007	16.1
27032008	14.4
27032009	17.0
27032010	18.0
27032011	13.0
27032012	23.0
27032013	8.0
27042000	22.6
27042001	22.1
27042002	25.2
27042003	24.8
27042004	24.0
27042005	23.8
27042006	24.3
27042007	26.1
27042008	21.6
27042009	15.0
27042010	21.0
27042011	22.0
27042012	24.0
27042013	16.0
27052000	27.7
27052001	30.2
27052003	30.1
27052004	28.2
27052005	31.9
27052006	29.5
27052007	26.6
27052008	27.0
27052009	27.0
27052010	23.0
27052011	25.0
27052012	23.0
27052013	22.0
27062000	30.2
27062001	32.1
27062002	31.0
27062003	32.3
27062004	34.3
27062005	36.3
27062006	34.8
27062007	28.5
27062008	33.0
27062009	29.0
27062010	30.0
27062011	31.0
27062012	31.0
27062013	23.0
27072000	32.0
27072001	34.2
27072002	28.6
27072003	33.3
27072004	28.0
27072005	33.4
27072006	34.4
27072007	35.5
27072008	30.0
27072009	32.0
27072010	28.0
27072011	25.0
27072012	34.0
27072013	34.0
27082000	29.0
27082001	35.9
27082002	28.1
27082003	35.1
27082004	30.6
27082005	27.0
27082006	27.1
27082007	32.0
27082008	30.0
27082009	32.0
27082010	28.0
27082011	30.0
27082012	29.0
27082013	24.0
27092000	26.1
27092001	23.7
27092002	24.1
27092003	22.7
27092004	22.7
27092005	26.2
27092006	26.6
27092007	14.1
27092008	16.0
27092009	26.0
27092010	18.0
27092011	27.0
27092012	24.0
27092013	25.0
27102000	16.4
27102001	17.9
27102002	18.5
27102003	12.3
27102004	18.5
27102005	20.1
27102006	23.0
27102007	19.5
27102008	15.0
27102009	19.0
27102010	13.0
27102011	17.0
27102012	15.0
27102013	18.0
27112000	12.6
27112001	7.0
27112002	15.0
27112003	13.0
27112004	13.0
27112006	12.4
27112007	12.4
27112008	8.0
27112009	11.0
27112010	4.0
27112011	10.0
27112012	12.0
27112013	8.0
27122000	5.1
27122001	9.7
27122002	8.0
27122003	5.5
27122004	7.0
27122005	4.0
27122006	2.0
27122007	7.0
27122008	3.0
27122009	8.0
27122011	9.0
27122012	7.0
27122013	10.0
28012000	8.0
28012001	8.0
28012002	7.0
28012003	15.8
28012004	5.6
28012005	4.0
28012006	5.0
28012007	12.4
28012008	17.0
28012009	7.0
28012010	8.0
28012011	6.0
28012012	4.0
28012013	3.0
28022000	15.3
28022001	5.0
28022002	14.0
28022003	15.5
28022004	3.0
28022005	3.0
28022006	7.9
28022007	16.0
28022008	13.3
28022009	16.0
28022010	10.0
28022011	8.0
28022012	12.0
28022013	12.0
28032000	11.0
28032001	10.2
28032002	16.2
28032003	20.9
28032004	15.0
28032005	22.7
28032006	14.0
28032007	16.0
28032008	17.7
28032009	13.0
28032010	20.0
28032011	15.0
28032012	25.0
28032013	7.0
28042000	18.7
28042001	24.2
28042002	19.1
28042003	21.3
28042004	25.4
28042005	23.0
28042006	22.2
28042007	27.6
28042008	21.3
28042009	13.0
28042010	25.0
28042011	20.0
28042012	26.0
28042013	20.0
28052000	26.0
28052001	32.3
28052003	31.9
28052004	25.0
28052005	32.7
28052006	27.6
28052007	19.0
28052008	28.1
28052009	29.0
28052010	23.0
28052011	24.0
28052012	26.0
28052013	19.0
28062000	30.8
28062001	28.7
28062002	32.2
28062003	30.8
28062004	35.0
28062005	36.6
28062006	33.3
28062007	27.2
28062008	31.0
28062009	31.0
28062010	31.0
28062011	33.0
28062012	32.0
28062013	21.0
28072000	32.0
28072001	32.5
28072002	31.6
28072003	33.1
28072004	28.8
28072005	35.3
28072006	34.0
28072007	35.3
28072008	32.0
28072009	33.0
28072010	30.0
28072011	27.0
28072012	32.0
28072013	35.0
28082000	29.5
28082001	35.0
28082002	29.0
28082003	34.3
28082004	30.0
28082005	26.7
28082006	25.4
28082008	31.0
28082009	33.0
28082010	32.0
28082011	29.0
28082012	29.0
28082013	27.0
28092000	25.3
28092001	24.3
28092002	20.2
28092003	20.7
28092004	23.4
28092005	26.0
28092006	26.1
28092007	19.0
28092008	21.0
28092009	27.0
28092010	19.0
28092011	26.0
28092012	23.0
28092013	25.0
28102000	17.3
28102001	14.3
28102002	22.0
28102003	13.3
28102004	17.5
28102005	21.0
28102006	19.0
28102007	19.4
28102008	17.0
28102009	18.0
28102010	13.0
28102011	18.0
28102012	11.0
28102013	21.0
28112000	13.0
28112001	8.6
28112002	15.5
28112003	12.0
28112004	8.5
28112006	12.0
28112007	10.8
28112008	3.0
28112009	13.0
28112010	4.0
28112011	9.0
28112012	13.0
28112013	7.0
28122000	9.5
28122001	9.0
28122002	8.2
28122003	5.1
28122004	8.0
28122005	3.0
28122006	3.7
28122007	3.6
28122008	2.0
28122009	4.0
28122010	-1.0
28122011	10.0
28122012	16.0
28122013	8.0
29012000	4.0
29012001	12.0
29012002	4.3
29012003	13.2
29012004	5.8
29012005	4.0
29012006	5.7
29012007	11.6
29012008	11.2
29012009	10.0
29012010	5.0
29012011	4.0
29012012	5.0
29012013	8.0
29022000	9.4
29022004	8.3
29022008	13.7
29022012	16.0
29032000	15.1
29032001	11.1
29032002	18.2
29032003	18.1
29032004	17.3
29032005	18.0
29032006	20.4
29032007	16.7
29032008	21.3
29032009	11.0
29032010	17.0
29032011	18.0
29032012	27.0
29032013	8.0
29042000	20.0
29042001	24.6
29042002	19.5
29042003	24.8
29042004	19.6
29042005	24.4
29042006	22.6
29042007	28.0
29042008	16.0
29042009	18.0
29042010	26.0
29042011	20.0
29042012	21.0
29042013	19.0
29052000	29.6
29052001	33.9
29052003	31.4
29052004	25.4
29052005	33.3
29052006	26.0
29052007	16.2
29052008	22.7
29052009	29.0
29052010	25.0
29052011	25.0
29052012	29.0
29052013	20.0
29062000	29.0
29062001	32.0
29062002	28.3
29062003	29.5
29062004	33.1
29062005	35.0
29062006	30.0
29062007	28.5
29062008	33.0
29062009	31.0
29062010	31.0
29062011	32.0
29062012	32.0
29062013	22.0
29072000	31.9
29072001	34.0
29072002	32.6
29072003	32.4
29072004	30.0
29072005	33.8
29072006	32.2
29072007	33.6
29072008	32.0
29072009	32.0
29072010	25.0
29072011	29.0
29072012	32.0
29072013	29.0
29082000	29.0
29082001	34.8
29082002	28.2
29082003	33.1
29082004	30.0
29082005	29.9
29082006	27.3
29082007	28.0
29082008	31.0
29082009	33.0
29082010	25.0
29082011	30.0
29082012	31.0
29082013	25.0
29092000	23.2
29092001	19.4
29092002	22.0
29092003	25.0
29092004	22.7
29092005	24.0
29092006	25.2
29092007	19.3
29092008	21.0
29092009	28.0
29092010	22.0
29092011	26.0
29092012	19.0
29092013	22.0
29102000	15.3
29102001	17.2
29102002	18.5
29102003	9.0
29102004	16.1
29102005	21.0
29102006	21.5
29102007	16.6
29102008	16.0
29102009	16.0
29102010	16.0
29102011	15.0
29102012	12.0
29102013	18.0
29112000	11.3
29112001	5.3
29112002	13.0
29112003	13.2
29112004	8.0
29112006	12.0
29112007	10.8
29112008	6.0
29112009	10.0
29112010	9.0
29112011	10.0
29112012	13.0
29112013	7.0
29122000	6.5
29122001	5.6
29122002	14.8
29122003	6.0
29122004	10.0
29122005	1.8
29122006	3.0
29122007	6.2
29122008	3.0
29122009	5.0
29122010	3.0
29122011	6.0
29122012	10.0
29122013	9.0
30012000	16.0
30012001	11.6
30012002	7.3
30012003	9.4
30012004	10.0
30012005	6.4
30012006	12.0
30012007	9.6
30012008	9.3
30012009	7.0
30012010	4.0
30012011	4.0
30012012	4.0
30012013	3.0
30032000	17.1
30032001	13.2
30032002	16.0
30032003	20.0
30032004	14.4
30032005	19.4
30032006	17.4
30032007	13.0
30032008	19.7
30032009	16.0
30032010	14.0
30032011	19.0
30032012	26.0
30032013	8.0
30042000	25.5
30042001	21.2
30042002	23.0
30042003	19.5
30042004	16.3
30042005	25.0
30042006	17.1
30042007	25.8
30042008	19.0
30042009	19.0
30042010	24.0
30042011	20.0
30042012	18.0
30042013	20.0
30052000	21.8
30052001	32.3
30052003	28.6
30052004	27.5
30052005	33.0
30052006	21.9
30052007	24.0
30052008	24.2
30052009	23.0
30052010	25.0
30052011	27.0
30052012	29.0
30052013	20.0
30062000	30.4
30062001	32.5
30062002	27.8
30062003	31.4
30062004	32.0
30062005	33.0
30062006	33.5
30062007	29.2
30062008	32.0
30062009	32.0
30062010	31.0
30062011	31.0
30062012	33.0
30062013	28.0
30072000	31.4
30072001	34.4
30072002	33.3
30072003	32.1
30072004	32.1
30072005	34.9
30072006	33.7
30072007	35.6
30072008	34.0
30072009	34.0
30072010	27.0
30072011	29.0
30072012	31.0
30072013	30.0
30082000	25.6
30082001	27.1
30082002	30.1
30082003	34.5
30082004	30.0
30082005	31.7
30082006	26.0
30082007	26.5
30082008	32.0
30082009	25.0
30082010	26.0
30082011	30.0
30082012	26.0
30082013	26.0
30092000	19.2
30092001	22.0
30092002	23.0
30092003	25.0
30092004	25.5
30092005	25.1
30092006	24.1
30092007	19.2
30092008	17.0
30092009	27.0
30092010	21.0
30092011	27.0
30092012	23.0
30092013	17.0
30102000	14.2
30102001	14.0
30102002	17.1
30102003	13.0
30102004	18.0
30102005	20.0
30102006	21.0
30102007	12.2
30102008	16.0
30102009	17.0
30102010	13.0
30102011	14.0
30102012	8.0
30102013	19.0
30112000	11.7
30112001	10.7
30112002	15.0
30112003	10.0
30112004	12.1
30112006	16.3
30112007	10.2
30112008	7.0
30112009	12.0
30112010	6.0
30112011	8.0
30112012	11.0
30112013	3.0
30122000	9.0
30122001	10.7
30122002	7.0
30122003	7.0
30122004	10.0
30122005	1.6
30122006	4.0
30122007	6.0
30122008	4.0
30122009	5.0
30122010	4.0
30122011	11.0
30122012	8.0
30122013	11.0
31012000	15.0
31012001	11.2
31012002	6.5
31012003	8.0
31012004	6.1
31012005	7.4
31012006	11.5
31012007	4.3
31012008	9.6
31012009	4.0
31012010	7.0
31012011	7.0
31012013	4.0
31032000	17.3
31032001	20.2
31032002	22.7
31032003	21.0
31032004	18.6
31032005	20.0
31032006	21.0
31032007	14.8
31032008	20.0
31032009	17.0
31032010	18.0
31032011	21.0
31032012	25.0
31032013	17.0
31052000	29.0
31052001	31.4
31052003	31.2
31052004	25.3
31052005	31.3
31052006	19.9
31052007	23.0
31052008	25.4
31052009	23.0
31052010	25.0
31052011	24.0
31052012	27.0
31052013	22.0
31072000	32.1
31072001	34.3
31072002	31.4
31072003	29.5
31072004	32.3
31072005	32.9
31072006	34.9
31072007	28.3
31072008	30.0
31072009	32.0
31072010	28.0
31072011	28.0
31072012	30.0
31072013	31.0
31082000	24.1
31082001	23.7
31082002	30.5
31082003	31.6
31082004	30.0
31082005	30.6
31082006	26.2
31082007	24.7
31082008	29.0
31082009	29.0
31082010	26.0
31082011	30.0
31082012	25.0
31082013	27.0
31102000	15.0
31102001	16.4
31102002	18.3
31102003	10.2
31102004	17.6
31102005	15.2
31102006	19.5
31102007	18.0
31102008	11.0
31102009	14.0
31102010	14.0
31102011	16.0
31102012	10.0
31102013	18.0
31122000	10.0
31122001	11.1
31122002	9.0
31122003	9.7
31122004	8.0
31122005	1.2
31122006	9.5
31122007	10.0
31122009	5.0
31122010	6.0
31122011	10.0
31122012	8.0
31122013	9.0
